Best Hyperparameter:(100, 1, 8, 75, 14, 1, 1, 0.4, 0.005, 'regression')

All Results:
(100, 1, 8, 75, 14, 1, 1, 0.4, 0.005, 'regression') : 3.871567655107216
(200, 1, 8, 75, 14, 1, 1, 0.2, 0.001, 'regression') : 3.9641976582445047
(150, 1, 8, 75, 14, 1, 1, 0.2, 0.001, 'regression') : 3.9999762754531303
(200, 1, 8, 75, 14, 1, 1, 0.4, 0.005, 'regression') : 4.2311120704884555
(200, 1, 8, 75, 14, 1, 1, 0.0, 0.0005, 'regression') : 4.233029568715447
(100, 1, 8, 75, 14, 1, 1, 0.4, 0.001, 'regression') : 4.262500285829785
(400, 1, 8, 75, 14, 1, 1, 0.0, 0.001, 'regression') : 4.40121139047037
(100, 1, 8, 75, 14, 1, 1, 0.4, 0.0005, 'regression') : 4.4225421045356885
(400, 1, 8, 75, 14, 1, 1, 0.2, 0.005, 'regression') : 4.424386542259239
(70, 1, 8, 75, 14, 1, 1, 0.4, 0.005, 'regression') : 4.432623055298035
(70, 1, 8, 75, 14, 1, 1, 0.4, 0.001, 'regression') : 4.4558030175382415
(100, 1, 8, 75, 14, 1, 1, 0.0, 0.005, 'regression') : 4.4658342136191695
(100, 1, 8, 75, 14, 1, 1, 0.2, 0.0005, 'regression') : 4.5504956670793835
(70, 1, 8, 75, 14, 1, 1, 0.2, 0.001, 'regression') : 4.607583406180047
(150, 1, 8, 75, 14, 1, 1, 0.0, 0.001, 'regression') : 4.608720047897271
(200, 1, 8, 75, 14, 1, 1, 0.4, 0.001, 'regression') : 4.620288031806728
(70, 1, 8, 75, 14, 1, 1, 0.2, 0.0005, 'regression') : 4.6507734328336126
(100, 1, 8, 75, 14, 1, 1, 0.0, 0.001, 'regression') : 4.657072509594455
(70, 1, 8, 75, 14, 1, 1, 0.4, 0.0005, 'regression') : 4.671520725228849
(100, 1, 8, 75, 14, 1, 1, 0.0, 0.0005, 'regression') : 4.675564118438794
(200, 1, 8, 75, 14, 1, 1, 0.2, 0.0005, 'regression') : 4.676347214793362
(200, 1, 8, 75, 14, 1, 1, 0.0, 0.005, 'regression') : 4.679671715026535
(100, 1, 8, 75, 14, 1, 1, 0.2, 0.001, 'regression') : 4.736509479709452
(70, 1, 8, 75, 14, 1, 1, 0.2, 0.005, 'regression') : 4.754885509164557
(70, 1, 8, 75, 14, 1, 1, 0.0, 0.001, 'regression') : 4.770742921925526
(400, 1, 8, 75, 14, 1, 1, 0.4, 0.005, 'regression') : 4.771370777314835
(200, 1, 8, 75, 14, 1, 1, 0.0, 0.001, 'regression') : 4.791574363598988
(400, 1, 8, 75, 14, 1, 1, 0.4, 0.001, 'regression') : 4.79774283970986
(70, 1, 8, 75, 14, 1, 1, 0.0, 0.0005, 'regression') : 4.8019635931940465
(400, 1, 8, 75, 14, 1, 1, 0.0, 0.0005, 'regression') : 4.802345363712154
(400, 1, 8, 75, 14, 1, 1, 0.2, 0.0005, 'regression') : 4.871482452982694
(70, 1, 8, 75, 14, 1, 1, 0.0, 0.005, 'regression') : 4.87789051265173
(100, 1, 8, 75, 14, 1, 1, 0.2, 0.005, 'regression') : 5.0255563822816525
(200, 1, 8, 75, 14, 1, 1, 0.2, 0.005, 'regression') : 5.040806756330099
(150, 1, 8, 75, 14, 1, 1, 0.4, 0.0005, 'regression') : 5.0704751570713835
(150, 1, 8, 75, 14, 1, 1, 0.0, 0.0005, 'regression') : 5.176110599211774
(150, 1, 8, 75, 14, 1, 1, 0.2, 0.005, 'regression') : 5.181938008356144
(400, 1, 8, 75, 14, 1, 1, 0.2, 0.001, 'regression') : 5.212115122784562
(200, 1, 8, 75, 14, 1, 1, 0.4, 0.0005, 'regression') : 5.226289567522564
(150, 1, 32, 75, 14, 1, 1, 0.4, 0.001, 'regression') : 5.246139197675741
(400, 1, 32, 75, 14, 1, 1, 0.2, 0.001, 'regression') : 5.405711684464407
(150, 1, 8, 75, 14, 1, 1, 0.4, 0.001, 'regression') : 5.483733261224851
(150, 1, 8, 75, 14, 1, 1, 0.2, 0.0005, 'regression') : 5.540076088826142
(150, 1, 8, 75, 14, 1, 1, 0.0, 0.005, 'regression') : 5.564561703426371
(400, 1, 8, 75, 14, 1, 1, 0.4, 0.0005, 'regression') : 5.728308161610194
(70, 1, 32, 75, 14, 1, 1, 0.4, 0.0005, 'regression') : 5.739011320759043
(150, 1, 32, 75, 14, 1, 1, 0.2, 0.0005, 'regression') : 5.7548361659776655
(400, 1, 32, 75, 14, 1, 1, 0.4, 0.001, 'regression') : 5.762572444543958
(150, 1, 8, 75, 14, 1, 1, 0.4, 0.005, 'regression') : 5.878305319180209
(100, 1, 32, 75, 14, 1, 1, 0.4, 0.0005, 'regression') : 6.01503311573821
(100, 1, 32, 75, 14, 1, 1, 0.2, 0.001, 'regression') : 6.046044586113362
(70, 1, 32, 75, 14, 1, 1, 0.2, 0.001, 'regression') : 6.063115028903499
(150, 1, 32, 75, 14, 1, 1, 0.2, 0.001, 'regression') : 6.32714594342094
(400, 1, 32, 75, 14, 1, 1, 0.4, 0.0005, 'regression') : 6.429114905522954
(70, 1, 32, 75, 14, 1, 1, 0.0, 0.001, 'regression') : 6.435401154417519
(200, 1, 32, 75, 14, 1, 1, 0.0, 0.0005, 'regression') : 6.4418674571186685
(70, 1, 32, 75, 14, 1, 1, 0.2, 0.0005, 'regression') : 6.495062407454701
(150, 1, 32, 75, 14, 1, 1, 0.4, 0.0005, 'regression') : 6.546261167375862
(200, 1, 32, 75, 14, 1, 1, 0.4, 0.0005, 'regression') : 6.563987308662954
(200, 1, 32, 75, 14, 1, 1, 0.2, 0.0005, 'regression') : 6.57782720539354
(200, 1, 32, 75, 14, 1, 1, 0.2, 0.001, 'regression') : 6.6111146169536195
(200, 1, 32, 75, 14, 1, 1, 0.4, 0.001, 'regression') : 6.6540362956119905
(70, 1, 32, 75, 14, 1, 1, 0.4, 0.001, 'regression') : 6.728198757508762
(200, 1, 32, 75, 14, 1, 1, 0.0, 0.001, 'regression') : 6.77862253272265
(100, 1, 32, 75, 14, 1, 1, 0.2, 0.0005, 'regression') : 6.783785266848682
(100, 1, 32, 75, 14, 1, 1, 0.0, 0.0005, 'regression') : 6.813833023367424
(400, 1, 8, 75, 14, 1, 1, 0.0, 0.005, 'regression') : 6.8972623228056875
(150, 1, 32, 75, 14, 1, 1, 0.0, 0.0005, 'regression') : 6.940792217553053
(70, 1, 32, 75, 14, 1, 1, 0.0, 0.0005, 'regression') : 7.044622248256576
(400, 1, 32, 75, 14, 1, 1, 0.2, 0.0005, 'regression') : 7.175862388208481
(150, 1, 32, 75, 14, 1, 1, 0.0, 0.001, 'regression') : 7.417863352449929
(100, 1, 32, 75, 14, 1, 1, 0.4, 0.001, 'regression') : 7.460290954697915
(400, 1, 32, 75, 14, 1, 1, 0.0, 0.001, 'regression') : 7.533386596749745
(400, 1, 32, 75, 14, 1, 1, 0.0, 0.0005, 'regression') : 7.762831611579619
(400, 1, 32, 75, 14, 1, 1, 0.2, 0.005, 'regression') : 7.916652126936695
(100, 1, 32, 75, 14, 1, 1, 0.0, 0.001, 'regression') : 8.02982479975272
(400, 1, 32, 75, 14, 1, 1, 0.4, 0.005, 'regression') : 8.095307865648184
(400, 1, 32, 75, 14, 1, 1, 0.0, 0.005, 'regression') : 8.65069964364792
(200, 1, 32, 75, 14, 1, 1, 0.2, 0.005, 'regression') : 8.797291770681133
(150, 1, 32, 75, 14, 1, 1, 0.4, 0.005, 'regression') : 9.041080008850358
(70, 1, 32, 75, 14, 1, 1, 0.4, 0.005, 'regression') : 9.344336784700143
(70, 1, 32, 75, 14, 1, 1, 0.2, 0.005, 'regression') : 10.13588879924383
(150, 1, 32, 75, 14, 1, 1, 0.2, 0.005, 'regression') : 10.37450011326741
(100, 1, 32, 75, 14, 1, 1, 0.0, 0.005, 'regression') : 10.697872380374745
(200, 1, 32, 75, 14, 1, 1, 0.0, 0.005, 'regression') : 10.795341470569346
(70, 1, 32, 75, 14, 1, 1, 0.0, 0.005, 'regression') : 10.88034246342212
(150, 1, 32, 75, 14, 1, 1, 0.0, 0.005, 'regression') : 11.047183205965784
(100, 1, 32, 75, 14, 1, 1, 0.2, 0.005, 'regression') : 11.592552224300945
(100, 1, 32, 75, 14, 1, 1, 0.4, 0.005, 'regression') : 12.171356242423666
(200, 1, 32, 75, 14, 1, 1, 0.4, 0.005, 'regression') : 12.2166996242313
