Best Hyperparameter:(400, 1, 8, 75, 14, 1, 1, 0.0, 0.001, 'regression')

All Results:
(400, 1, 8, 75, 14, 1, 1, 0.0, 0.001, 'regression') : 3.8101714135937628
(150, 1, 8, 75, 14, 1, 1, 0.0, 0.005, 'regression') : 3.8369051186942613
(100, 1, 8, 75, 14, 1, 1, 0.2, 0.005, 'regression') : 3.980309138371674
(100, 1, 8, 75, 14, 1, 1, 0.4, 0.001, 'regression') : 4.015314665908759
(150, 1, 8, 75, 14, 1, 1, 0.0, 0.001, 'regression') : 4.020297571569978
(200, 1, 8, 75, 14, 1, 1, 0.4, 0.0005, 'regression') : 4.023237846786377
(150, 1, 8, 75, 14, 1, 1, 0.2, 0.0005, 'regression') : 4.080523995142686
(70, 1, 8, 75, 14, 1, 1, 0.4, 0.001, 'regression') : 4.090743214135946
(150, 1, 8, 75, 14, 1, 1, 0.2, 0.001, 'regression') : 4.188891610411021
(150, 1, 8, 75, 14, 1, 1, 0.4, 0.001, 'regression') : 4.1916740985249765
(400, 1, 8, 75, 14, 1, 1, 0.4, 0.0005, 'regression') : 4.284306091271871
(70, 1, 8, 75, 14, 1, 1, 0.0, 0.0005, 'regression') : 4.3000583494892926
(200, 1, 8, 75, 14, 1, 1, 0.0, 0.001, 'regression') : 4.3107787895258385
(100, 1, 8, 75, 14, 1, 1, 0.0, 0.001, 'regression') : 4.323409456212566
(70, 1, 8, 75, 14, 1, 1, 0.2, 0.001, 'regression') : 4.340887601203839
(400, 1, 8, 75, 14, 1, 1, 0.2, 0.001, 'regression') : 4.414609619867029
(70, 1, 8, 75, 14, 1, 1, 0.2, 0.0005, 'regression') : 4.43965996646355
(100, 1, 8, 75, 14, 1, 1, 0.0, 0.005, 'regression') : 4.452194887597767
(400, 1, 8, 75, 14, 1, 1, 0.2, 0.005, 'regression') : 4.489929848774866
(200, 1, 8, 75, 14, 1, 1, 0.0, 0.0005, 'regression') : 4.526408953086725
(100, 1, 8, 75, 14, 1, 1, 0.2, 0.001, 'regression') : 4.535166861859942
(70, 1, 8, 75, 14, 1, 1, 0.4, 0.005, 'regression') : 4.542802152054002
(400, 1, 8, 75, 14, 1, 1, 0.4, 0.001, 'regression') : 4.576540962646364
(150, 1, 8, 75, 14, 1, 1, 0.4, 0.005, 'regression') : 4.595362158464805
(400, 1, 8, 75, 14, 1, 1, 0.0, 0.005, 'regression') : 4.601232652960379
(200, 1, 8, 75, 14, 1, 1, 0.0, 0.005, 'regression') : 4.6333220876472545
(100, 1, 8, 75, 14, 1, 1, 0.0, 0.0005, 'regression') : 4.635922324468661
(70, 1, 8, 75, 14, 1, 1, 0.0, 0.005, 'regression') : 4.640674044702022
(200, 1, 8, 75, 14, 1, 1, 0.2, 0.0005, 'regression') : 4.708264921579429
(200, 1, 8, 75, 14, 1, 1, 0.4, 0.001, 'regression') : 4.7385433606299285
(100, 1, 32, 75, 14, 1, 1, 0.2, 0.001, 'regression') : 4.746619729087767
(400, 1, 8, 75, 14, 1, 1, 0.4, 0.005, 'regression') : 4.76978905545209
(70, 1, 8, 75, 14, 1, 1, 0.0, 0.001, 'regression') : 4.772709881727603
(200, 1, 8, 75, 14, 1, 1, 0.2, 0.001, 'regression') : 4.794740446830992
(100, 1, 8, 75, 14, 1, 1, 0.4, 0.0005, 'regression') : 4.801618665434205
(70, 1, 8, 75, 14, 1, 1, 0.2, 0.005, 'regression') : 4.840852787798761
(100, 1, 8, 75, 14, 1, 1, 0.2, 0.0005, 'regression') : 4.8459321534361885
(400, 1, 8, 75, 14, 1, 1, 0.0, 0.0005, 'regression') : 4.859626948208392
(70, 1, 8, 75, 14, 1, 1, 0.4, 0.0005, 'regression') : 4.943478536785307
(150, 1, 8, 75, 14, 1, 1, 0.4, 0.0005, 'regression') : 4.9978551992895515
(400, 1, 8, 75, 14, 1, 1, 0.2, 0.0005, 'regression') : 5.14374218942259
(200, 1, 8, 75, 14, 1, 1, 0.4, 0.005, 'regression') : 5.1981781889235075
(200, 1, 8, 75, 14, 1, 1, 0.2, 0.005, 'regression') : 5.215487565631814
(100, 1, 8, 75, 14, 1, 1, 0.4, 0.005, 'regression') : 5.2290282632942695
(150, 1, 8, 75, 14, 1, 1, 0.2, 0.005, 'regression') : 5.403175136415565
(100, 1, 32, 75, 14, 1, 1, 0.0, 0.001, 'regression') : 5.537442599149163
(150, 1, 8, 75, 14, 1, 1, 0.0, 0.0005, 'regression') : 5.581131011680405
(100, 1, 32, 75, 14, 1, 1, 0.4, 0.001, 'regression') : 5.590837955409903
(200, 1, 32, 75, 14, 1, 1, 0.0, 0.001, 'regression') : 5.653615270406094
(200, 1, 32, 75, 14, 1, 1, 0.0, 0.0005, 'regression') : 5.770194593760489
(200, 1, 32, 75, 14, 1, 1, 0.2, 0.001, 'regression') : 5.97075848760968
(100, 1, 32, 75, 14, 1, 1, 0.0, 0.0005, 'regression') : 6.012414356843665
(100, 1, 32, 75, 14, 1, 1, 0.4, 0.0005, 'regression') : 6.138675236744603
(70, 1, 32, 75, 14, 1, 1, 0.2, 0.001, 'regression') : 6.215473831691129
(150, 1, 32, 75, 14, 1, 1, 0.0, 0.0005, 'regression') : 6.306037147835799
(400, 1, 32, 75, 14, 1, 1, 0.2, 0.0005, 'regression') : 6.340979364502491
(150, 1, 32, 75, 14, 1, 1, 0.4, 0.001, 'regression') : 6.618641128573647
(70, 1, 32, 75, 14, 1, 1, 0.0, 0.0005, 'regression') : 6.636891918773117
(400, 1, 32, 75, 14, 1, 1, 0.4, 0.0005, 'regression') : 6.653355884915453
(70, 1, 32, 75, 14, 1, 1, 0.2, 0.0005, 'regression') : 6.707130473685476
(150, 1, 32, 75, 14, 1, 1, 0.2, 0.0005, 'regression') : 6.761309285609597
(200, 1, 32, 75, 14, 1, 1, 0.4, 0.001, 'regression') : 6.799352243449365
(200, 1, 32, 75, 14, 1, 1, 0.4, 0.0005, 'regression') : 6.8183736036963465
(150, 1, 32, 75, 14, 1, 1, 0.0, 0.001, 'regression') : 6.83936310237131
(400, 1, 32, 75, 14, 1, 1, 0.0, 0.001, 'regression') : 6.844773655897494
(150, 1, 32, 75, 14, 1, 1, 0.4, 0.0005, 'regression') : 6.908312206423591
(100, 1, 32, 75, 14, 1, 1, 0.2, 0.0005, 'regression') : 6.929033679693251
(400, 1, 32, 75, 14, 1, 1, 0.4, 0.001, 'regression') : 6.9972881978782
(70, 1, 32, 75, 14, 1, 1, 0.4, 0.0005, 'regression') : 7.013065686459396
(400, 1, 32, 75, 14, 1, 1, 0.0, 0.0005, 'regression') : 7.014938897227033
(70, 1, 32, 75, 14, 1, 1, 0.4, 0.005, 'regression') : 7.098371857452328
(150, 1, 32, 75, 14, 1, 1, 0.2, 0.001, 'regression') : 7.160912641593884
(400, 1, 32, 75, 14, 1, 1, 0.2, 0.001, 'regression') : 7.216189291065997
(200, 1, 32, 75, 14, 1, 1, 0.2, 0.0005, 'regression') : 7.287004362522414
(70, 1, 32, 75, 14, 1, 1, 0.4, 0.001, 'regression') : 7.331351609332211
(70, 1, 32, 75, 14, 1, 1, 0.0, 0.001, 'regression') : 7.793801627368049
(70, 1, 32, 75, 14, 1, 1, 0.0, 0.005, 'regression') : 7.813502069613227
(200, 1, 32, 75, 14, 1, 1, 0.2, 0.005, 'regression') : 8.136770594218603
(70, 1, 32, 75, 14, 1, 1, 0.2, 0.005, 'regression') : 8.194092783451968
(200, 1, 32, 75, 14, 1, 1, 0.4, 0.005, 'regression') : 8.92998406337166
(150, 1, 32, 75, 14, 1, 1, 0.0, 0.005, 'regression') : 9.045912463738706
(150, 1, 32, 75, 14, 1, 1, 0.2, 0.005, 'regression') : 9.224146351029281
(200, 1, 32, 75, 14, 1, 1, 0.0, 0.005, 'regression') : 9.244395446394634
(400, 1, 32, 75, 14, 1, 1, 0.2, 0.005, 'regression') : 9.273924109058772
(400, 1, 32, 75, 14, 1, 1, 0.4, 0.005, 'regression') : 9.77621014247986
(100, 1, 32, 75, 14, 1, 1, 0.0, 0.005, 'regression') : 10.039214334806019
(100, 1, 32, 75, 14, 1, 1, 0.4, 0.005, 'regression') : 10.10560828194433
(400, 1, 32, 75, 14, 1, 1, 0.0, 0.005, 'regression') : 11.0263647569444
(150, 1, 32, 75, 14, 1, 1, 0.4, 0.005, 'regression') : 11.20325521245356
(100, 1, 32, 75, 14, 1, 1, 0.2, 0.005, 'regression') : 12.834390381427749
