Best Hyperparameter:(200, 1, 8, 75, 14, 1, 1, 0.2, 0.001, 'regression')

All Results:
(200, 1, 8, 75, 14, 1, 1, 0.2, 0.001, 'regression') : 18.36039757810204
(150, 1, 8, 75, 14, 1, 1, 0.2, 0.001, 'regression') : 18.373873972005164
(400, 1, 8, 75, 14, 1, 1, 0.0, 0.001, 'regression') : 18.38649682845223
(150, 1, 8, 75, 14, 1, 1, 0.0, 0.001, 'regression') : 18.398770859718386
(100, 1, 8, 75, 14, 1, 1, 0.0, 0.001, 'regression') : 18.404571140790438
(70, 1, 8, 75, 14, 1, 1, 0.4, 0.001, 'regression') : 18.922425473406715
(200, 1, 8, 75, 14, 1, 1, 0.0, 0.001, 'regression') : 19.035501557231136
(70, 1, 8, 75, 14, 1, 1, 0.2, 0.001, 'regression') : 19.068483692040456
(200, 1, 8, 75, 14, 1, 1, 0.4, 0.0005, 'regression') : 19.113685095126197
(150, 1, 8, 75, 14, 1, 1, 0.4, 0.0005, 'regression') : 19.17129066053684
(400, 1, 8, 75, 14, 1, 1, 0.4, 0.001, 'regression') : 19.179260163741013
(70, 1, 8, 75, 14, 1, 1, 0.0, 0.001, 'regression') : 19.3028282769375
(100, 1, 8, 75, 14, 1, 1, 0.4, 0.0005, 'regression') : 19.36878186454792
(70, 1, 8, 75, 14, 1, 1, 0.0, 0.0005, 'regression') : 19.391868461681497
(150, 1, 8, 75, 14, 1, 1, 0.0, 0.0005, 'regression') : 19.41995086392877
(200, 1, 8, 75, 14, 1, 1, 0.4, 0.001, 'regression') : 19.45779934849918
(70, 1, 8, 75, 14, 1, 1, 0.4, 0.0005, 'regression') : 19.513175968776487
(400, 1, 8, 75, 14, 1, 1, 0.4, 0.0005, 'regression') : 19.585696977243316
(100, 1, 8, 75, 14, 1, 1, 0.2, 0.0005, 'regression') : 19.731282322097986
(200, 1, 8, 75, 14, 1, 1, 0.2, 0.0005, 'regression') : 19.73928644067988
(100, 1, 8, 75, 14, 1, 1, 0.2, 0.001, 'regression') : 19.768072715840994
(100, 1, 32, 75, 14, 1, 1, 0.0, 0.001, 'regression') : 19.867735912342376
(200, 1, 32, 75, 14, 1, 1, 0.4, 0.001, 'regression') : 19.9962770517455
(150, 1, 8, 75, 14, 1, 1, 0.4, 0.001, 'regression') : 20.005942585264094
(70, 1, 32, 75, 14, 1, 1, 0.0, 0.0005, 'regression') : 20.071821515664404
(150, 1, 32, 75, 14, 1, 1, 0.2, 0.0005, 'regression') : 20.1586603985595
(100, 1, 8, 75, 14, 1, 1, 0.4, 0.001, 'regression') : 20.171684543654578
(150, 1, 32, 75, 14, 1, 1, 0.0, 0.005, 'regression') : 20.192029346419673
(400, 1, 32, 75, 14, 1, 1, 0.2, 0.001, 'regression') : 20.27766860173346
(200, 1, 32, 75, 14, 1, 1, 0.2, 0.005, 'regression') : 20.297657020403186
(400, 1, 8, 75, 14, 1, 1, 0.0, 0.0005, 'regression') : 20.395738389078065
(400, 1, 32, 75, 14, 1, 1, 0.2, 0.0005, 'regression') : 20.50457118495158
(150, 1, 32, 75, 14, 1, 1, 0.4, 0.005, 'regression') : 20.51527596921057
(150, 1, 32, 75, 14, 1, 1, 0.0, 0.001, 'regression') : 20.567425209903433
(200, 1, 32, 75, 14, 1, 1, 0.4, 0.005, 'regression') : 20.587285459555915
(70, 1, 32, 75, 14, 1, 1, 0.0, 0.005, 'regression') : 20.634865217803117
(400, 1, 8, 75, 14, 1, 1, 0.2, 0.0005, 'regression') : 20.657751854477585
(400, 1, 8, 75, 14, 1, 1, 0.2, 0.001, 'regression') : 20.671552648337354
(70, 1, 32, 75, 14, 1, 1, 0.2, 0.001, 'regression') : 20.7076308103805
(100, 1, 8, 75, 14, 1, 1, 0.0, 0.0005, 'regression') : 20.737182858577434
(150, 1, 32, 75, 14, 1, 1, 0.2, 0.001, 'regression') : 20.788111193696597
(100, 1, 8, 75, 14, 1, 1, 0.4, 0.005, 'regression') : 20.884358406545665
(200, 1, 32, 75, 14, 1, 1, 0.4, 0.0005, 'regression') : 20.938402534386974
(200, 1, 32, 75, 14, 1, 1, 0.2, 0.0005, 'regression') : 20.9892341568197
(200, 1, 32, 75, 14, 1, 1, 0.0, 0.001, 'regression') : 21.017281553031626
(70, 1, 8, 75, 14, 1, 1, 0.0, 0.005, 'regression') : 21.02371978611105
(150, 1, 8, 75, 14, 1, 1, 0.2, 0.0005, 'regression') : 21.0326913582454
(400, 1, 32, 75, 14, 1, 1, 0.4, 0.0005, 'regression') : 21.09707226509125
(100, 1, 32, 75, 14, 1, 1, 0.4, 0.001, 'regression') : 21.155671741903692
(200, 1, 8, 75, 14, 1, 1, 0.0, 0.0005, 'regression') : 21.17603796076306
(70, 1, 8, 75, 14, 1, 1, 0.2, 0.0005, 'regression') : 21.203637822207163
(400, 1, 32, 75, 14, 1, 1, 0.4, 0.005, 'regression') : 21.210561699850423
(70, 1, 32, 75, 14, 1, 1, 0.4, 0.0005, 'regression') : 21.220043677233583
(70, 1, 32, 75, 14, 1, 1, 0.0, 0.001, 'regression') : 21.256473430952425
(400, 1, 32, 75, 14, 1, 1, 0.4, 0.001, 'regression') : 21.285132983290975
(100, 1, 32, 75, 14, 1, 1, 0.0, 0.0005, 'regression') : 21.285202652273394
(200, 1, 32, 75, 14, 1, 1, 0.0, 0.0005, 'regression') : 21.286863808708972
(200, 1, 32, 75, 14, 1, 1, 0.0, 0.005, 'regression') : 21.338328006995884
(70, 1, 32, 75, 14, 1, 1, 0.4, 0.005, 'regression') : 21.3556497119595
(400, 1, 32, 75, 14, 1, 1, 0.0, 0.001, 'regression') : 21.461053806190137
(150, 1, 32, 75, 14, 1, 1, 0.4, 0.001, 'regression') : 21.511216337490602
(200, 1, 8, 75, 14, 1, 1, 0.0, 0.005, 'regression') : 21.515263985862404
(150, 1, 8, 75, 14, 1, 1, 0.2, 0.005, 'regression') : 21.56401808416455
(150, 1, 8, 75, 14, 1, 1, 0.4, 0.005, 'regression') : 21.646215257866416
(70, 1, 32, 75, 14, 1, 1, 0.4, 0.001, 'regression') : 21.71265393800372
(400, 1, 8, 75, 14, 1, 1, 0.2, 0.005, 'regression') : 21.79071132443169
(200, 1, 8, 75, 14, 1, 1, 0.2, 0.005, 'regression') : 21.910044501770905
(100, 1, 32, 75, 14, 1, 1, 0.2, 0.0005, 'regression') : 21.918800638257895
(150, 1, 32, 75, 14, 1, 1, 0.0, 0.0005, 'regression') : 21.938654961425595
(100, 1, 32, 75, 14, 1, 1, 0.4, 0.005, 'regression') : 21.959826295899777
(100, 1, 32, 75, 14, 1, 1, 0.0, 0.005, 'regression') : 21.987021066324655
(150, 1, 32, 75, 14, 1, 1, 0.4, 0.0005, 'regression') : 22.0384226199437
(400, 1, 8, 75, 14, 1, 1, 0.4, 0.005, 'regression') : 22.073696399203783
(70, 1, 8, 75, 14, 1, 1, 0.2, 0.005, 'regression') : 22.27906318980522
(100, 1, 32, 75, 14, 1, 1, 0.2, 0.001, 'regression') : 22.339992721915337
(150, 1, 8, 75, 14, 1, 1, 0.0, 0.005, 'regression') : 22.374927038124767
(70, 1, 32, 75, 14, 1, 1, 0.2, 0.0005, 'regression') : 22.522796706336898
(100, 1, 32, 75, 14, 1, 1, 0.2, 0.005, 'regression') : 22.65217622180791
(100, 1, 8, 75, 14, 1, 1, 0.0, 0.005, 'regression') : 22.668401751575328
(400, 1, 32, 75, 14, 1, 1, 0.0, 0.005, 'regression') : 22.69107605784229
(150, 1, 32, 75, 14, 1, 1, 0.2, 0.005, 'regression') : 22.737576714174317
(400, 1, 32, 75, 14, 1, 1, 0.0, 0.0005, 'regression') : 22.9276590188157
(70, 1, 32, 75, 14, 1, 1, 0.2, 0.005, 'regression') : 22.96456552620076
(200, 1, 8, 75, 14, 1, 1, 0.4, 0.005, 'regression') : 23.08542241893171
(100, 1, 32, 75, 14, 1, 1, 0.4, 0.0005, 'regression') : 23.11662737885317
(200, 1, 32, 75, 14, 1, 1, 0.2, 0.001, 'regression') : 23.362944017402004
(100, 1, 8, 75, 14, 1, 1, 0.2, 0.005, 'regression') : 23.49333060907001
(400, 1, 8, 75, 14, 1, 1, 0.0, 0.005, 'regression') : 23.529011870388512
(400, 1, 32, 75, 14, 1, 1, 0.2, 0.005, 'regression') : 23.6917458664313
(70, 1, 8, 75, 14, 1, 1, 0.4, 0.005, 'regression') : 24.735312225256088
