Best Hyperparameter:(150, 1, 8, 75, 14, 1, 1, 0.2, 0.001, 'regression')

All Results:
(150, 1, 8, 75, 14, 1, 1, 0.2, 0.001, 'regression') : 18.45480757223493
(150, 1, 8, 75, 14, 1, 1, 0.0, 0.001, 'regression') : 19.012454033251906
(70, 1, 8, 75, 14, 1, 1, 0.4, 0.001, 'regression') : 19.101730452353177
(100, 1, 8, 75, 14, 1, 1, 0.2, 0.0005, 'regression') : 19.105167925352912
(70, 1, 8, 75, 14, 1, 1, 0.0, 0.0005, 'regression') : 19.279995028070566
(100, 1, 8, 75, 14, 1, 1, 0.4, 0.0005, 'regression') : 19.31104097976659
(70, 1, 8, 75, 14, 1, 1, 0.2, 0.0005, 'regression') : 19.418633294511853
(100, 1, 8, 75, 14, 1, 1, 0.0, 0.0005, 'regression') : 19.558083310902834
(150, 1, 8, 75, 14, 1, 1, 0.0, 0.0005, 'regression') : 19.576560575924095
(70, 1, 8, 75, 14, 1, 1, 0.4, 0.0005, 'regression') : 19.59875552004556
(400, 1, 8, 75, 14, 1, 1, 0.0, 0.001, 'regression') : 19.65045771471689
(400, 1, 8, 75, 14, 1, 1, 0.4, 0.0005, 'regression') : 19.692906154307853
(150, 1, 8, 75, 14, 1, 1, 0.2, 0.0005, 'regression') : 19.74652269631051
(100, 1, 8, 75, 14, 1, 1, 0.0, 0.001, 'regression') : 19.757544969367284
(100, 1, 8, 75, 14, 1, 1, 0.2, 0.001, 'regression') : 19.798783654226884
(400, 1, 8, 75, 14, 1, 1, 0.4, 0.001, 'regression') : 19.833017913182452
(200, 1, 32, 75, 14, 1, 1, 0.4, 0.001, 'regression') : 19.87462058360479
(400, 1, 8, 75, 14, 1, 1, 0.2, 0.0005, 'regression') : 19.90165576438434
(70, 1, 32, 75, 14, 1, 1, 0.4, 0.001, 'regression') : 20.00475041101579
(200, 1, 8, 75, 14, 1, 1, 0.4, 0.001, 'regression') : 20.0200252081136
(100, 1, 32, 75, 14, 1, 1, 0.2, 0.001, 'regression') : 20.053981482514367
(150, 1, 8, 75, 14, 1, 1, 0.4, 0.0005, 'regression') : 20.110587606546353
(400, 1, 32, 75, 14, 1, 1, 0.4, 0.001, 'regression') : 20.146087943617882
(200, 1, 8, 75, 14, 1, 1, 0.2, 0.0005, 'regression') : 20.154460022120723
(150, 1, 32, 75, 14, 1, 1, 0.4, 0.005, 'regression') : 20.17292256865709
(200, 1, 8, 75, 14, 1, 1, 0.4, 0.0005, 'regression') : 20.23049172274616
(100, 1, 32, 75, 14, 1, 1, 0.4, 0.001, 'regression') : 20.247135297054285
(400, 1, 32, 75, 14, 1, 1, 0.2, 0.001, 'regression') : 20.29705575297844
(150, 1, 8, 75, 14, 1, 1, 0.4, 0.001, 'regression') : 20.297947015288685
(100, 1, 8, 75, 14, 1, 1, 0.4, 0.001, 'regression') : 20.30347090416108
(400, 1, 8, 75, 14, 1, 1, 0.0, 0.0005, 'regression') : 20.337125164116948
(150, 1, 32, 75, 14, 1, 1, 0.2, 0.001, 'regression') : 20.338286670348538
(400, 1, 32, 75, 14, 1, 1, 0.0, 0.001, 'regression') : 20.43244517678502
(200, 1, 8, 75, 14, 1, 1, 0.0, 0.001, 'regression') : 20.445022797573365
(200, 1, 8, 75, 14, 1, 1, 0.0, 0.0005, 'regression') : 20.505279969940766
(400, 1, 32, 75, 14, 1, 1, 0.0, 0.005, 'regression') : 20.511801573378694
(200, 1, 32, 75, 14, 1, 1, 0.2, 0.0005, 'regression') : 20.554184227737892
(400, 1, 8, 75, 14, 1, 1, 0.2, 0.001, 'regression') : 20.60146291848897
(150, 1, 32, 75, 14, 1, 1, 0.0, 0.001, 'regression') : 20.658345957245828
(400, 1, 32, 75, 14, 1, 1, 0.0, 0.0005, 'regression') : 20.72491010547882
(70, 1, 32, 75, 14, 1, 1, 0.0, 0.001, 'regression') : 20.79997318443742
(200, 1, 8, 75, 14, 1, 1, 0.2, 0.001, 'regression') : 20.810785630285892
(400, 1, 32, 75, 14, 1, 1, 0.4, 0.0005, 'regression') : 20.819221326474484
(150, 1, 32, 75, 14, 1, 1, 0.4, 0.0005, 'regression') : 20.84034774738644
(70, 1, 8, 75, 14, 1, 1, 0.0, 0.001, 'regression') : 20.880034197324132
(70, 1, 32, 75, 14, 1, 1, 0.4, 0.005, 'regression') : 20.88337834777073
(100, 1, 32, 75, 14, 1, 1, 0.2, 0.0005, 'regression') : 21.165193762096813
(150, 1, 32, 75, 14, 1, 1, 0.4, 0.001, 'regression') : 21.221277936110752
(200, 1, 32, 75, 14, 1, 1, 0.2, 0.001, 'regression') : 21.233972829225706
(100, 1, 32, 75, 14, 1, 1, 0.4, 0.0005, 'regression') : 21.331516410904165
(150, 1, 32, 75, 14, 1, 1, 0.2, 0.0005, 'regression') : 21.38996884083458
(200, 1, 32, 75, 14, 1, 1, 0.2, 0.005, 'regression') : 21.455710868191144
(150, 1, 32, 75, 14, 1, 1, 0.0, 0.0005, 'regression') : 21.474007978700605
(200, 1, 32, 75, 14, 1, 1, 0.4, 0.0005, 'regression') : 21.478845011157876
(70, 1, 32, 75, 14, 1, 1, 0.4, 0.0005, 'regression') : 21.479573936955155
(150, 1, 32, 75, 14, 1, 1, 0.0, 0.005, 'regression') : 21.52112108741331
(200, 1, 32, 75, 14, 1, 1, 0.0, 0.0005, 'regression') : 21.55622939801065
(100, 1, 32, 75, 14, 1, 1, 0.0, 0.001, 'regression') : 21.58126996345619
(100, 1, 32, 75, 14, 1, 1, 0.2, 0.005, 'regression') : 21.663241634834844
(150, 1, 32, 75, 14, 1, 1, 0.2, 0.005, 'regression') : 21.706947460175904
(70, 1, 8, 75, 14, 1, 1, 0.2, 0.005, 'regression') : 21.88511425540315
(70, 1, 32, 75, 14, 1, 1, 0.0, 0.005, 'regression') : 21.969429807620212
(70, 1, 8, 75, 14, 1, 1, 0.2, 0.001, 'regression') : 22.01020254432617
(70, 1, 32, 75, 14, 1, 1, 0.0, 0.0005, 'regression') : 22.01072893313183
(200, 1, 32, 75, 14, 1, 1, 0.0, 0.001, 'regression') : 22.05760997686607
(100, 1, 32, 75, 14, 1, 1, 0.0, 0.0005, 'regression') : 22.060313153341845
(70, 1, 32, 75, 14, 1, 1, 0.2, 0.005, 'regression') : 22.081857431082888
(200, 1, 32, 75, 14, 1, 1, 0.4, 0.005, 'regression') : 22.134484732883827
(400, 1, 32, 75, 14, 1, 1, 0.4, 0.005, 'regression') : 22.169240761898287
(150, 1, 8, 75, 14, 1, 1, 0.0, 0.005, 'regression') : 22.331215638483023
(100, 1, 8, 75, 14, 1, 1, 0.2, 0.005, 'regression') : 22.586185128632543
(200, 1, 8, 75, 14, 1, 1, 0.4, 0.005, 'regression') : 22.79351456413759
(150, 1, 8, 75, 14, 1, 1, 0.4, 0.005, 'regression') : 22.88548358540329
(150, 1, 8, 75, 14, 1, 1, 0.2, 0.005, 'regression') : 22.934381917120824
(100, 1, 8, 75, 14, 1, 1, 0.0, 0.005, 'regression') : 22.949032049874603
(100, 1, 32, 75, 14, 1, 1, 0.0, 0.005, 'regression') : 22.96674633688214
(100, 1, 32, 75, 14, 1, 1, 0.4, 0.005, 'regression') : 23.11412089353687
(400, 1, 32, 75, 14, 1, 1, 0.2, 0.005, 'regression') : 23.133026308285736
(70, 1, 32, 75, 14, 1, 1, 0.2, 0.001, 'regression') : 23.157261205689476
(400, 1, 32, 75, 14, 1, 1, 0.2, 0.0005, 'regression') : 23.25080406576245
(70, 1, 8, 75, 14, 1, 1, 0.4, 0.005, 'regression') : 23.26437637694176
(100, 1, 8, 75, 14, 1, 1, 0.4, 0.005, 'regression') : 23.283122928208215
(70, 1, 8, 75, 14, 1, 1, 0.0, 0.005, 'regression') : 23.304481314646935
(400, 1, 8, 75, 14, 1, 1, 0.0, 0.005, 'regression') : 23.39992916650923
(70, 1, 32, 75, 14, 1, 1, 0.2, 0.0005, 'regression') : 23.775860659766106
(200, 1, 8, 75, 14, 1, 1, 0.0, 0.005, 'regression') : 23.864790421451573
(400, 1, 8, 75, 14, 1, 1, 0.2, 0.005, 'regression') : 23.871026018858608
(200, 1, 8, 75, 14, 1, 1, 0.2, 0.005, 'regression') : 24.08603606409637
(200, 1, 32, 75, 14, 1, 1, 0.0, 0.005, 'regression') : 24.585713510918147
(400, 1, 8, 75, 14, 1, 1, 0.4, 0.005, 'regression') : 24.7807705932101
