Best Hyperparameter:(150, 1, 8, 75, 14, 1, 1, 0.4, 0.0005, 'regression')

All Results:
(150, 1, 8, 75, 14, 1, 1, 0.4, 0.0005, 'regression') : 15.511250839519956
(100, 1, 8, 75, 14, 1, 1, 0.0, 0.0005, 'regression') : 15.686669143557413
(400, 1, 8, 75, 14, 1, 1, 0.4, 0.001, 'regression') : 16.03135680682235
(200, 1, 8, 75, 14, 1, 1, 0.0, 0.001, 'regression') : 16.159936292675503
(70, 1, 8, 75, 14, 1, 1, 0.4, 0.001, 'regression') : 16.1890528777408
(200, 1, 8, 75, 14, 1, 1, 0.4, 0.0005, 'regression') : 16.23461318924867
(150, 1, 8, 75, 14, 1, 1, 0.2, 0.001, 'regression') : 16.326966885793116
(70, 1, 8, 75, 14, 1, 1, 0.0, 0.0005, 'regression') : 16.52394993153095
(400, 1, 8, 75, 14, 1, 1, 0.0, 0.001, 'regression') : 16.57418421937212
(150, 1, 8, 75, 14, 1, 1, 0.2, 0.0005, 'regression') : 16.63306247178793
(400, 1, 32, 75, 14, 1, 1, 0.4, 0.005, 'regression') : 16.832050464594005
(100, 1, 8, 75, 14, 1, 1, 0.4, 0.0005, 'regression') : 17.01491250554202
(400, 1, 8, 75, 14, 1, 1, 0.2, 0.001, 'regression') : 17.054369147902896
(70, 1, 8, 75, 14, 1, 1, 0.2, 0.0005, 'regression') : 17.123130688683517
(200, 1, 32, 75, 14, 1, 1, 0.0, 0.005, 'regression') : 17.160234276495352
(150, 1, 8, 75, 14, 1, 1, 0.4, 0.001, 'regression') : 17.198027122655724
(70, 1, 8, 75, 14, 1, 1, 0.0, 0.001, 'regression') : 17.241872562134066
(70, 1, 8, 75, 14, 1, 1, 0.4, 0.0005, 'regression') : 17.254812724644058
(400, 1, 32, 75, 14, 1, 1, 0.2, 0.005, 'regression') : 17.267530174402626
(200, 1, 8, 75, 14, 1, 1, 0.2, 0.0005, 'regression') : 17.28833074962013
(150, 1, 8, 75, 14, 1, 1, 0.0, 0.0005, 'regression') : 17.325379665006484
(100, 1, 32, 75, 14, 1, 1, 0.4, 0.001, 'regression') : 17.459789025658573
(400, 1, 8, 75, 14, 1, 1, 0.4, 0.0005, 'regression') : 17.4618392212363
(100, 1, 8, 75, 14, 1, 1, 0.2, 0.0005, 'regression') : 17.46928179283692
(400, 1, 8, 75, 14, 1, 1, 0.0, 0.0005, 'regression') : 17.473030212000275
(200, 1, 8, 75, 14, 1, 1, 0.4, 0.001, 'regression') : 17.562919200577017
(70, 1, 32, 75, 14, 1, 1, 0.4, 0.001, 'regression') : 17.588794485065396
(70, 1, 8, 75, 14, 1, 1, 0.2, 0.001, 'regression') : 17.59250357821795
(100, 1, 8, 75, 14, 1, 1, 0.2, 0.001, 'regression') : 17.642971890288827
(400, 1, 32, 75, 14, 1, 1, 0.4, 0.001, 'regression') : 17.670382652437883
(70, 1, 32, 75, 14, 1, 1, 0.2, 0.001, 'regression') : 17.69122206132577
(100, 1, 8, 75, 14, 1, 1, 0.4, 0.001, 'regression') : 17.92864376128538
(200, 1, 32, 75, 14, 1, 1, 0.2, 0.001, 'regression') : 18.035344295216913
(400, 1, 8, 75, 14, 1, 1, 0.2, 0.0005, 'regression') : 18.06165105394289
(100, 1, 8, 75, 14, 1, 1, 0.4, 0.005, 'regression') : 18.125340169269265
(200, 1, 8, 75, 14, 1, 1, 0.0, 0.005, 'regression') : 18.125413081515795
(400, 1, 32, 75, 14, 1, 1, 0.2, 0.001, 'regression') : 18.19269986179738
(400, 1, 32, 75, 14, 1, 1, 0.0, 0.001, 'regression') : 18.29313788382679
(70, 1, 32, 75, 14, 1, 1, 0.4, 0.005, 'regression') : 18.376242519167327
(200, 1, 32, 75, 14, 1, 1, 0.2, 0.005, 'regression') : 18.39380405445541
(150, 1, 32, 75, 14, 1, 1, 0.0, 0.001, 'regression') : 18.405035658648288
(100, 1, 8, 75, 14, 1, 1, 0.0, 0.001, 'regression') : 18.545222660862525
(200, 1, 32, 75, 14, 1, 1, 0.4, 0.001, 'regression') : 18.654374494329794
(100, 1, 32, 75, 14, 1, 1, 0.2, 0.001, 'regression') : 18.700868322758964
(70, 1, 32, 75, 14, 1, 1, 0.0, 0.001, 'regression') : 18.71263608110552
(200, 1, 8, 75, 14, 1, 1, 0.0, 0.0005, 'regression') : 18.74169229345696
(150, 1, 32, 75, 14, 1, 1, 0.4, 0.005, 'regression') : 18.75265788554724
(150, 1, 8, 75, 14, 1, 1, 0.4, 0.005, 'regression') : 18.885162879288043
(100, 1, 32, 75, 14, 1, 1, 0.4, 0.005, 'regression') : 18.97166840302824
(150, 1, 8, 75, 14, 1, 1, 0.2, 0.005, 'regression') : 18.972288706347392
(200, 1, 32, 75, 14, 1, 1, 0.0, 0.001, 'regression') : 18.981323665664437
(150, 1, 8, 75, 14, 1, 1, 0.0, 0.001, 'regression') : 19.056511326774913
(100, 1, 32, 75, 14, 1, 1, 0.0, 0.001, 'regression') : 19.075448961766313
(200, 1, 32, 75, 14, 1, 1, 0.4, 0.005, 'regression') : 19.167022345284977
(100, 1, 32, 75, 14, 1, 1, 0.0, 0.005, 'regression') : 19.269268625240255
(150, 1, 32, 75, 14, 1, 1, 0.4, 0.001, 'regression') : 19.279289724635476
(400, 1, 32, 75, 14, 1, 1, 0.0, 0.005, 'regression') : 19.30734509541866
(150, 1, 32, 75, 14, 1, 1, 0.2, 0.005, 'regression') : 19.328143608732205
(100, 1, 8, 75, 14, 1, 1, 0.2, 0.005, 'regression') : 19.37861083116099
(150, 1, 32, 75, 14, 1, 1, 0.4, 0.0005, 'regression') : 19.39558825255765
(150, 1, 32, 75, 14, 1, 1, 0.2, 0.001, 'regression') : 19.434748723008997
(150, 1, 8, 75, 14, 1, 1, 0.0, 0.005, 'regression') : 19.467261199145554
(400, 1, 32, 75, 14, 1, 1, 0.2, 0.0005, 'regression') : 19.561020566993903
(100, 1, 32, 75, 14, 1, 1, 0.2, 0.005, 'regression') : 19.573731155726453
(200, 1, 32, 75, 14, 1, 1, 0.0, 0.0005, 'regression') : 19.632963107047708
(70, 1, 32, 75, 14, 1, 1, 0.0, 0.0005, 'regression') : 19.68135616249987
(200, 1, 8, 75, 14, 1, 1, 0.2, 0.001, 'regression') : 19.711658943523155
(100, 1, 32, 75, 14, 1, 1, 0.4, 0.0005, 'regression') : 19.711685794417356
(70, 1, 8, 75, 14, 1, 1, 0.2, 0.005, 'regression') : 19.790625025944998
(100, 1, 32, 75, 14, 1, 1, 0.2, 0.0005, 'regression') : 19.80386269450231
(150, 1, 32, 75, 14, 1, 1, 0.0, 0.005, 'regression') : 19.930116887741935
(70, 1, 32, 75, 14, 1, 1, 0.2, 0.005, 'regression') : 20.00421007708885
(400, 1, 32, 75, 14, 1, 1, 0.0, 0.0005, 'regression') : 20.245826831866488
(200, 1, 32, 75, 14, 1, 1, 0.4, 0.0005, 'regression') : 20.41833626196274
(400, 1, 8, 75, 14, 1, 1, 0.4, 0.005, 'regression') : 20.671637369754986
(150, 1, 32, 75, 14, 1, 1, 0.0, 0.0005, 'regression') : 20.687243700552603
(70, 1, 32, 75, 14, 1, 1, 0.0, 0.005, 'regression') : 20.82068001772389
(400, 1, 8, 75, 14, 1, 1, 0.2, 0.005, 'regression') : 20.837963762427137
(70, 1, 32, 75, 14, 1, 1, 0.4, 0.0005, 'regression') : 20.843840187945528
(200, 1, 32, 75, 14, 1, 1, 0.2, 0.0005, 'regression') : 20.85030429332905
(150, 1, 32, 75, 14, 1, 1, 0.2, 0.0005, 'regression') : 20.909318642461123
(100, 1, 32, 75, 14, 1, 1, 0.0, 0.0005, 'regression') : 20.999288329639025
(70, 1, 32, 75, 14, 1, 1, 0.2, 0.0005, 'regression') : 21.048001669007498
(70, 1, 8, 75, 14, 1, 1, 0.0, 0.005, 'regression') : 21.113289513556055
(400, 1, 32, 75, 14, 1, 1, 0.4, 0.0005, 'regression') : 21.118129902377554
(200, 1, 8, 75, 14, 1, 1, 0.2, 0.005, 'regression') : 21.165361018724035
(70, 1, 8, 75, 14, 1, 1, 0.4, 0.005, 'regression') : 21.187147823170434
(200, 1, 8, 75, 14, 1, 1, 0.4, 0.005, 'regression') : 21.438100061876703
(100, 1, 8, 75, 14, 1, 1, 0.0, 0.005, 'regression') : 22.59672733820352
(400, 1, 8, 75, 14, 1, 1, 0.0, 0.005, 'regression') : 23.25427390638096
