Best Hyperparameter:(150, 1, 8, 75, 14, 1, 1, 0.2, 0.001, 'regression')

All Results:
(150, 1, 8, 75, 14, 1, 1, 0.2, 0.001, 'regression') : 15.903208804498282
(150, 1, 8, 75, 14, 1, 1, 0.0, 0.0005, 'regression') : 16.024805900010954
(150, 1, 8, 75, 14, 1, 1, 0.0, 0.001, 'regression') : 16.226947092502435
(200, 1, 8, 75, 14, 1, 1, 0.0, 0.001, 'regression') : 16.42176923677995
(70, 1, 8, 75, 14, 1, 1, 0.4, 0.0005, 'regression') : 16.439685349946274
(70, 1, 8, 75, 14, 1, 1, 0.0, 0.0005, 'regression') : 16.487495147507897
(100, 1, 8, 75, 14, 1, 1, 0.4, 0.001, 'regression') : 16.49534112174218
(150, 1, 8, 75, 14, 1, 1, 0.2, 0.0005, 'regression') : 16.52093046949178
(200, 1, 8, 75, 14, 1, 1, 0.4, 0.0005, 'regression') : 16.58141845395561
(70, 1, 8, 75, 14, 1, 1, 0.4, 0.001, 'regression') : 16.836592011893526
(400, 1, 8, 75, 14, 1, 1, 0.0, 0.001, 'regression') : 16.95390497519879
(400, 1, 8, 75, 14, 1, 1, 0.4, 0.001, 'regression') : 16.98760780451414
(400, 1, 8, 75, 14, 1, 1, 0.0, 0.0005, 'regression') : 17.032044091065583
(200, 1, 8, 75, 14, 1, 1, 0.2, 0.001, 'regression') : 17.056769497338966
(200, 1, 8, 75, 14, 1, 1, 0.0, 0.0005, 'regression') : 17.06001859210618
(70, 1, 8, 75, 14, 1, 1, 0.2, 0.0005, 'regression') : 17.09379613005076
(70, 1, 8, 75, 14, 1, 1, 0.2, 0.001, 'regression') : 17.13594944071457
(100, 1, 8, 75, 14, 1, 1, 0.2, 0.001, 'regression') : 17.2816495811719
(150, 1, 8, 75, 14, 1, 1, 0.4, 0.001, 'regression') : 17.30093523933246
(100, 1, 32, 75, 14, 1, 1, 0.4, 0.001, 'regression') : 17.47548864884714
(70, 1, 8, 75, 14, 1, 1, 0.4, 0.005, 'regression') : 17.596433264731445
(70, 1, 32, 75, 14, 1, 1, 0.2, 0.001, 'regression') : 17.656105702245277
(100, 1, 8, 75, 14, 1, 1, 0.0, 0.001, 'regression') : 17.698972118044793
(100, 1, 8, 75, 14, 1, 1, 0.2, 0.0005, 'regression') : 17.749859456992148
(70, 1, 8, 75, 14, 1, 1, 0.0, 0.001, 'regression') : 17.80829164242411
(100, 1, 8, 75, 14, 1, 1, 0.0, 0.005, 'regression') : 17.828977391058007
(400, 1, 8, 75, 14, 1, 1, 0.2, 0.001, 'regression') : 17.938778071918154
(400, 1, 8, 75, 14, 1, 1, 0.4, 0.005, 'regression') : 17.938895987262594
(200, 1, 32, 75, 14, 1, 1, 0.0, 0.001, 'regression') : 18.00761481920197
(100, 1, 8, 75, 14, 1, 1, 0.0, 0.0005, 'regression') : 18.026880137298548
(400, 1, 32, 75, 14, 1, 1, 0.2, 0.001, 'regression') : 18.039779590960734
(200, 1, 32, 75, 14, 1, 1, 0.2, 0.005, 'regression') : 18.083918493408582
(100, 1, 8, 75, 14, 1, 1, 0.4, 0.0005, 'regression') : 18.098156736281364
(400, 1, 8, 75, 14, 1, 1, 0.4, 0.0005, 'regression') : 18.098598515594695
(200, 1, 32, 75, 14, 1, 1, 0.2, 0.001, 'regression') : 18.129524618580977
(150, 1, 8, 75, 14, 1, 1, 0.4, 0.0005, 'regression') : 18.171573563170096
(200, 1, 8, 75, 14, 1, 1, 0.2, 0.0005, 'regression') : 18.265599487966927
(400, 1, 32, 75, 14, 1, 1, 0.4, 0.001, 'regression') : 18.278464692055053
(400, 1, 8, 75, 14, 1, 1, 0.2, 0.0005, 'regression') : 18.303285200987307
(200, 1, 32, 75, 14, 1, 1, 0.4, 0.001, 'regression') : 18.325042106055843
(70, 1, 8, 75, 14, 1, 1, 0.0, 0.005, 'regression') : 18.36690229187291
(70, 1, 32, 75, 14, 1, 1, 0.0, 0.005, 'regression') : 18.424786136868324
(100, 1, 32, 75, 14, 1, 1, 0.0, 0.001, 'regression') : 18.64076304882673
(70, 1, 32, 75, 14, 1, 1, 0.4, 0.001, 'regression') : 18.716013144802936
(100, 1, 32, 75, 14, 1, 1, 0.2, 0.001, 'regression') : 18.783572790711737
(400, 1, 8, 75, 14, 1, 1, 0.2, 0.005, 'regression') : 18.789242899542774
(400, 1, 32, 75, 14, 1, 1, 0.0, 0.005, 'regression') : 18.832787485426515
(150, 1, 32, 75, 14, 1, 1, 0.2, 0.001, 'regression') : 18.845363567924526
(150, 1, 32, 75, 14, 1, 1, 0.4, 0.005, 'regression') : 18.914727694206654
(400, 1, 32, 75, 14, 1, 1, 0.4, 0.0005, 'regression') : 18.916764549765297
(150, 1, 8, 75, 14, 1, 1, 0.0, 0.005, 'regression') : 18.92186265207723
(200, 1, 32, 75, 14, 1, 1, 0.0, 0.005, 'regression') : 18.9455410098804
(150, 1, 32, 75, 14, 1, 1, 0.0, 0.001, 'regression') : 18.969302281779456
(200, 1, 8, 75, 14, 1, 1, 0.4, 0.001, 'regression') : 19.00403869079026
(100, 1, 32, 75, 14, 1, 1, 0.4, 0.0005, 'regression') : 19.023986906561888
(70, 1, 32, 75, 14, 1, 1, 0.4, 0.005, 'regression') : 19.036597632663728
(150, 1, 32, 75, 14, 1, 1, 0.0, 0.005, 'regression') : 19.07020422807353
(70, 1, 32, 75, 14, 1, 1, 0.0, 0.0005, 'regression') : 19.102487153631024
(70, 1, 32, 75, 14, 1, 1, 0.2, 0.0005, 'regression') : 19.130048519891545
(400, 1, 32, 75, 14, 1, 1, 0.2, 0.0005, 'regression') : 19.1407739566935
(100, 1, 32, 75, 14, 1, 1, 0.0, 0.005, 'regression') : 19.14132743924151
(400, 1, 32, 75, 14, 1, 1, 0.4, 0.005, 'regression') : 19.167579821278856
(100, 1, 32, 75, 14, 1, 1, 0.0, 0.0005, 'regression') : 19.173010486837835
(150, 1, 32, 75, 14, 1, 1, 0.4, 0.001, 'regression') : 19.245838740826468
(200, 1, 8, 75, 14, 1, 1, 0.4, 0.005, 'regression') : 19.2713936370271
(400, 1, 32, 75, 14, 1, 1, 0.0, 0.001, 'regression') : 19.366213314203243
(100, 1, 32, 75, 14, 1, 1, 0.2, 0.0005, 'regression') : 19.39441943329879
(150, 1, 8, 75, 14, 1, 1, 0.4, 0.005, 'regression') : 19.436226623430702
(70, 1, 32, 75, 14, 1, 1, 0.0, 0.001, 'regression') : 19.502366632580884
(150, 1, 32, 75, 14, 1, 1, 0.2, 0.0005, 'regression') : 19.508825278321073
(100, 1, 32, 75, 14, 1, 1, 0.4, 0.005, 'regression') : 19.52191422294451
(400, 1, 32, 75, 14, 1, 1, 0.0, 0.0005, 'regression') : 19.532504508878993
(150, 1, 32, 75, 14, 1, 1, 0.4, 0.0005, 'regression') : 19.55791810104987
(150, 1, 8, 75, 14, 1, 1, 0.2, 0.005, 'regression') : 19.560947969747776
(200, 1, 32, 75, 14, 1, 1, 0.0, 0.0005, 'regression') : 19.65250215952019
(200, 1, 8, 75, 14, 1, 1, 0.0, 0.005, 'regression') : 19.711323890010522
(200, 1, 32, 75, 14, 1, 1, 0.4, 0.005, 'regression') : 19.747622404763995
(70, 1, 32, 75, 14, 1, 1, 0.4, 0.0005, 'regression') : 19.78333880211059
(70, 1, 32, 75, 14, 1, 1, 0.2, 0.005, 'regression') : 19.791249960286287
(150, 1, 32, 75, 14, 1, 1, 0.0, 0.0005, 'regression') : 19.87381533921094
(200, 1, 32, 75, 14, 1, 1, 0.4, 0.0005, 'regression') : 20.02613653663406
(200, 1, 8, 75, 14, 1, 1, 0.2, 0.005, 'regression') : 20.1282123547298
(200, 1, 32, 75, 14, 1, 1, 0.2, 0.0005, 'regression') : 20.13690874405284
(150, 1, 32, 75, 14, 1, 1, 0.2, 0.005, 'regression') : 20.356922518246666
(400, 1, 32, 75, 14, 1, 1, 0.2, 0.005, 'regression') : 20.978937252345442
(100, 1, 8, 75, 14, 1, 1, 0.4, 0.005, 'regression') : 21.20027296331788
(70, 1, 8, 75, 14, 1, 1, 0.2, 0.005, 'regression') : 21.622464685207362
(400, 1, 8, 75, 14, 1, 1, 0.0, 0.005, 'regression') : 21.636068610389344
(100, 1, 32, 75, 14, 1, 1, 0.2, 0.005, 'regression') : 21.74376002036152
(100, 1, 8, 75, 14, 1, 1, 0.2, 0.005, 'regression') : 23.483089268895487
