Best Hyperparameter:(70, 1, 8, 75, 14, 1, 1, 0.0, 0.001, 'regression')

All Results:
(70, 1, 8, 75, 14, 1, 1, 0.0, 0.001, 'regression') : 15.169972623432582
(150, 1, 8, 75, 14, 1, 1, 0.2, 0.0005, 'regression') : 15.779837188904162
(100, 1, 8, 75, 14, 1, 1, 0.4, 0.0005, 'regression') : 15.787861669953708
(150, 1, 8, 75, 14, 1, 1, 0.2, 0.001, 'regression') : 15.999583336048238
(200, 1, 8, 75, 14, 1, 1, 0.4, 0.001, 'regression') : 16.06159798081682
(70, 1, 8, 75, 14, 1, 1, 0.4, 0.0005, 'regression') : 16.124959712855418
(200, 1, 8, 75, 14, 1, 1, 0.2, 0.0005, 'regression') : 16.13822560592636
(100, 1, 8, 75, 14, 1, 1, 0.2, 0.001, 'regression') : 16.31778123172617
(200, 1, 8, 75, 14, 1, 1, 0.4, 0.0005, 'regression') : 16.338188643439505
(400, 1, 8, 75, 14, 1, 1, 0.2, 0.0005, 'regression') : 16.357115877167228
(200, 1, 8, 75, 14, 1, 1, 0.0, 0.0005, 'regression') : 16.41001098949463
(70, 1, 8, 75, 14, 1, 1, 0.2, 0.0005, 'regression') : 16.580670797199026
(100, 1, 8, 75, 14, 1, 1, 0.2, 0.0005, 'regression') : 16.63609027246936
(70, 1, 8, 75, 14, 1, 1, 0.4, 0.001, 'regression') : 16.660844129630014
(70, 1, 8, 75, 14, 1, 1, 0.0, 0.0005, 'regression') : 16.691821731588416
(400, 1, 32, 75, 14, 1, 1, 0.0, 0.001, 'regression') : 16.771777403509667
(150, 1, 8, 75, 14, 1, 1, 0.4, 0.001, 'regression') : 16.826907522937454
(150, 1, 8, 75, 14, 1, 1, 0.2, 0.005, 'regression') : 16.9847506818004
(150, 1, 8, 75, 14, 1, 1, 0.4, 0.0005, 'regression') : 17.185362118084573
(100, 1, 8, 75, 14, 1, 1, 0.0, 0.0005, 'regression') : 17.223259151109463
(400, 1, 8, 75, 14, 1, 1, 0.4, 0.0005, 'regression') : 17.23294132718734
(150, 1, 8, 75, 14, 1, 1, 0.0, 0.001, 'regression') : 17.234904793759156
(200, 1, 32, 75, 14, 1, 1, 0.0, 0.001, 'regression') : 17.295161289618058
(100, 1, 8, 75, 14, 1, 1, 0.4, 0.001, 'regression') : 17.29784940068274
(150, 1, 32, 75, 14, 1, 1, 0.0, 0.001, 'regression') : 17.324496909878633
(400, 1, 8, 75, 14, 1, 1, 0.0, 0.0005, 'regression') : 17.40654829563487
(200, 1, 32, 75, 14, 1, 1, 0.2, 0.001, 'regression') : 17.41778390681413
(150, 1, 32, 75, 14, 1, 1, 0.4, 0.001, 'regression') : 17.426430032754954
(100, 1, 32, 75, 14, 1, 1, 0.4, 0.001, 'regression') : 17.461051400741205
(200, 1, 32, 75, 14, 1, 1, 0.4, 0.001, 'regression') : 17.462045334246305
(100, 1, 32, 75, 14, 1, 1, 0.0, 0.001, 'regression') : 17.46936965250681
(70, 1, 32, 75, 14, 1, 1, 0.2, 0.005, 'regression') : 17.533040224422358
(400, 1, 32, 75, 14, 1, 1, 0.4, 0.001, 'regression') : 17.54157736917039
(200, 1, 8, 75, 14, 1, 1, 0.0, 0.005, 'regression') : 17.653811345404613
(200, 1, 8, 75, 14, 1, 1, 0.0, 0.001, 'regression') : 17.75309674760318
(100, 1, 8, 75, 14, 1, 1, 0.0, 0.001, 'regression') : 17.76443679923775
(400, 1, 8, 75, 14, 1, 1, 0.0, 0.001, 'regression') : 17.817263865304
(70, 1, 32, 75, 14, 1, 1, 0.4, 0.001, 'regression') : 17.821322801233038
(100, 1, 32, 75, 14, 1, 1, 0.4, 0.005, 'regression') : 17.8509255752515
(150, 1, 8, 75, 14, 1, 1, 0.0, 0.0005, 'regression') : 17.869901061570264
(70, 1, 32, 75, 14, 1, 1, 0.0, 0.001, 'regression') : 17.933910904533818
(200, 1, 32, 75, 14, 1, 1, 0.4, 0.005, 'regression') : 17.961034245924296
(70, 1, 32, 75, 14, 1, 1, 0.2, 0.001, 'regression') : 18.01575817060247
(400, 1, 8, 75, 14, 1, 1, 0.2, 0.005, 'regression') : 18.02220958428123
(150, 1, 32, 75, 14, 1, 1, 0.2, 0.005, 'regression') : 18.027371345527094
(200, 1, 8, 75, 14, 1, 1, 0.2, 0.005, 'regression') : 18.082068146834985
(100, 1, 32, 75, 14, 1, 1, 0.2, 0.001, 'regression') : 18.131561342553777
(400, 1, 8, 75, 14, 1, 1, 0.2, 0.001, 'regression') : 18.189916554984304
(150, 1, 32, 75, 14, 1, 1, 0.2, 0.001, 'regression') : 18.203731731165707
(70, 1, 8, 75, 14, 1, 1, 0.2, 0.001, 'regression') : 18.23355640515503
(400, 1, 32, 75, 14, 1, 1, 0.0, 0.005, 'regression') : 18.252153522177363
(150, 1, 32, 75, 14, 1, 1, 0.2, 0.0005, 'regression') : 18.305778425303135
(70, 1, 32, 75, 14, 1, 1, 0.4, 0.005, 'regression') : 18.332868708321296
(400, 1, 32, 75, 14, 1, 1, 0.2, 0.001, 'regression') : 18.406511142133073
(400, 1, 8, 75, 14, 1, 1, 0.4, 0.001, 'regression') : 18.434135430492983
(400, 1, 32, 75, 14, 1, 1, 0.4, 0.005, 'regression') : 18.447582298375348
(200, 1, 32, 75, 14, 1, 1, 0.2, 0.005, 'regression') : 18.53816492634565
(150, 1, 32, 75, 14, 1, 1, 0.4, 0.0005, 'regression') : 18.57801008968832
(400, 1, 32, 75, 14, 1, 1, 0.4, 0.0005, 'regression') : 18.586421845190777
(400, 1, 32, 75, 14, 1, 1, 0.2, 0.005, 'regression') : 18.61896712539813
(150, 1, 32, 75, 14, 1, 1, 0.4, 0.005, 'regression') : 18.758548298443266
(70, 1, 32, 75, 14, 1, 1, 0.2, 0.0005, 'regression') : 18.77025711575087
(100, 1, 32, 75, 14, 1, 1, 0.0, 0.005, 'regression') : 18.77186208924659
(100, 1, 8, 75, 14, 1, 1, 0.2, 0.005, 'regression') : 18.87295159134063
(70, 1, 32, 75, 14, 1, 1, 0.0, 0.0005, 'regression') : 18.899959490334524
(150, 1, 32, 75, 14, 1, 1, 0.0, 0.005, 'regression') : 18.93273995773168
(200, 1, 8, 75, 14, 1, 1, 0.2, 0.001, 'regression') : 18.939576747064375
(400, 1, 32, 75, 14, 1, 1, 0.2, 0.0005, 'regression') : 19.011400466889604
(100, 1, 32, 75, 14, 1, 1, 0.2, 0.0005, 'regression') : 19.076698684342638
(150, 1, 32, 75, 14, 1, 1, 0.0, 0.0005, 'regression') : 19.181158068826374
(70, 1, 32, 75, 14, 1, 1, 0.4, 0.0005, 'regression') : 19.24575932432462
(400, 1, 32, 75, 14, 1, 1, 0.0, 0.0005, 'regression') : 19.329235238826563
(400, 1, 8, 75, 14, 1, 1, 0.0, 0.005, 'regression') : 19.334200993958195
(200, 1, 32, 75, 14, 1, 1, 0.0, 0.005, 'regression') : 19.449970724427544
(200, 1, 32, 75, 14, 1, 1, 0.0, 0.0005, 'regression') : 19.501674821482382
(100, 1, 32, 75, 14, 1, 1, 0.4, 0.0005, 'regression') : 19.516954150862034
(100, 1, 32, 75, 14, 1, 1, 0.2, 0.005, 'regression') : 19.550902251321386
(200, 1, 32, 75, 14, 1, 1, 0.4, 0.0005, 'regression') : 19.55983684118772
(100, 1, 32, 75, 14, 1, 1, 0.0, 0.0005, 'regression') : 19.629284851199163
(200, 1, 32, 75, 14, 1, 1, 0.2, 0.0005, 'regression') : 19.706757060828437
(150, 1, 8, 75, 14, 1, 1, 0.4, 0.005, 'regression') : 20.231933118311566
(200, 1, 8, 75, 14, 1, 1, 0.4, 0.005, 'regression') : 20.27781068451801
(100, 1, 8, 75, 14, 1, 1, 0.0, 0.005, 'regression') : 20.314123704532168
(70, 1, 8, 75, 14, 1, 1, 0.0, 0.005, 'regression') : 20.677138789869236
(70, 1, 8, 75, 14, 1, 1, 0.4, 0.005, 'regression') : 20.71093552343836
(100, 1, 8, 75, 14, 1, 1, 0.4, 0.005, 'regression') : 20.712638917422304
(70, 1, 32, 75, 14, 1, 1, 0.0, 0.005, 'regression') : 21.307755955917962
(150, 1, 8, 75, 14, 1, 1, 0.0, 0.005, 'regression') : 21.688065594260706
(400, 1, 8, 75, 14, 1, 1, 0.4, 0.005, 'regression') : 22.07091556979125
(70, 1, 8, 75, 14, 1, 1, 0.2, 0.005, 'regression') : 22.500266537048827
