Best Hyperparameter:(400, 1, 8, 75, 14, 1, 1, 0.0, 0.0005, 'regression')

All Results:
(400, 1, 8, 75, 14, 1, 1, 0.0, 0.0005, 'regression') : 18.37861000475683
(400, 1, 8, 75, 14, 1, 1, 0.4, 0.0005, 'regression') : 18.54053605653696
(200, 1, 8, 75, 14, 1, 1, 0.4, 0.001, 'regression') : 18.599415160530338
(200, 1, 8, 75, 14, 1, 1, 0.2, 0.001, 'regression') : 18.65302957599531
(70, 1, 8, 75, 14, 1, 1, 0.4, 0.001, 'regression') : 18.68104354205792
(200, 1, 8, 75, 14, 1, 1, 0.0, 0.001, 'regression') : 18.709679265334096
(200, 1, 32, 75, 14, 1, 1, 0.2, 0.001, 'regression') : 18.894678670243987
(400, 1, 32, 75, 14, 1, 1, 0.4, 0.001, 'regression') : 18.965643601276376
(150, 1, 32, 75, 14, 1, 1, 0.0, 0.001, 'regression') : 18.991784443207216
(70, 1, 8, 75, 14, 1, 1, 0.0, 0.0005, 'regression') : 19.081543768109906
(400, 1, 8, 75, 14, 1, 1, 0.4, 0.001, 'regression') : 19.083157137762722
(150, 1, 8, 75, 14, 1, 1, 0.2, 0.0005, 'regression') : 19.110839634393198
(100, 1, 8, 75, 14, 1, 1, 0.2, 0.0005, 'regression') : 19.11794167701796
(200, 1, 8, 75, 14, 1, 1, 0.2, 0.0005, 'regression') : 19.129973174391385
(150, 1, 8, 75, 14, 1, 1, 0.0, 0.001, 'regression') : 19.262175104227186
(150, 1, 8, 75, 14, 1, 1, 0.0, 0.0005, 'regression') : 19.43876842319337
(100, 1, 8, 75, 14, 1, 1, 0.4, 0.0005, 'regression') : 19.442914634197393
(70, 1, 8, 75, 14, 1, 1, 0.2, 0.0005, 'regression') : 19.443390847362046
(100, 1, 8, 75, 14, 1, 1, 0.4, 0.001, 'regression') : 19.461426709400648
(400, 1, 8, 75, 14, 1, 1, 0.2, 0.0005, 'regression') : 19.48113945214562
(400, 1, 32, 75, 14, 1, 1, 0.0, 0.005, 'regression') : 19.53724034559812
(100, 1, 8, 75, 14, 1, 1, 0.0, 0.001, 'regression') : 19.55470174973849
(150, 1, 8, 75, 14, 1, 1, 0.2, 0.001, 'regression') : 19.565080279943924
(200, 1, 32, 75, 14, 1, 1, 0.0, 0.005, 'regression') : 19.64706196290379
(70, 1, 8, 75, 14, 1, 1, 0.2, 0.001, 'regression') : 19.656308614734822
(200, 1, 32, 75, 14, 1, 1, 0.0, 0.001, 'regression') : 19.701189367355873
(100, 1, 32, 75, 14, 1, 1, 0.4, 0.001, 'regression') : 19.787939261988306
(100, 1, 32, 75, 14, 1, 1, 0.2, 0.001, 'regression') : 19.788987679132898
(400, 1, 32, 75, 14, 1, 1, 0.0, 0.001, 'regression') : 19.790983300276366
(200, 1, 32, 75, 14, 1, 1, 0.4, 0.001, 'regression') : 19.88907445907206
(150, 1, 8, 75, 14, 1, 1, 0.4, 0.0005, 'regression') : 19.89416059186984
(400, 1, 8, 75, 14, 1, 1, 0.0, 0.001, 'regression') : 19.898602977675743
(100, 1, 8, 75, 14, 1, 1, 0.2, 0.001, 'regression') : 19.94929448099214
(100, 1, 8, 75, 14, 1, 1, 0.0, 0.0005, 'regression') : 19.953201342645976
(150, 1, 32, 75, 14, 1, 1, 0.0, 0.0005, 'regression') : 19.981719013561033
(200, 1, 8, 75, 14, 1, 1, 0.0, 0.0005, 'regression') : 19.990818930662545
(150, 1, 32, 75, 14, 1, 1, 0.2, 0.001, 'regression') : 20.01752996439511
(70, 1, 32, 75, 14, 1, 1, 0.2, 0.0005, 'regression') : 20.05143210604712
(100, 1, 32, 75, 14, 1, 1, 0.4, 0.0005, 'regression') : 20.079829089554234
(70, 1, 32, 75, 14, 1, 1, 0.2, 0.001, 'regression') : 20.110793791210053
(150, 1, 32, 75, 14, 1, 1, 0.4, 0.005, 'regression') : 20.163786292801785
(70, 1, 32, 75, 14, 1, 1, 0.0, 0.001, 'regression') : 20.195696222190406
(70, 1, 32, 75, 14, 1, 1, 0.4, 0.001, 'regression') : 20.203445719261396
(400, 1, 32, 75, 14, 1, 1, 0.0, 0.0005, 'regression') : 20.298723598830104
(150, 1, 8, 75, 14, 1, 1, 0.4, 0.001, 'regression') : 20.32194243448454
(70, 1, 8, 75, 14, 1, 1, 0.4, 0.0005, 'regression') : 20.35276872462959
(150, 1, 32, 75, 14, 1, 1, 0.2, 0.0005, 'regression') : 20.354406535601452
(150, 1, 32, 75, 14, 1, 1, 0.2, 0.005, 'regression') : 20.361543162188276
(200, 1, 8, 75, 14, 1, 1, 0.4, 0.0005, 'regression') : 20.39788644098831
(70, 1, 8, 75, 14, 1, 1, 0.0, 0.001, 'regression') : 20.403135980969164
(70, 1, 32, 75, 14, 1, 1, 0.4, 0.005, 'regression') : 20.438362787009765
(150, 1, 32, 75, 14, 1, 1, 0.4, 0.001, 'regression') : 20.5247294529887
(100, 1, 32, 75, 14, 1, 1, 0.0, 0.005, 'regression') : 20.54594218409486
(400, 1, 32, 75, 14, 1, 1, 0.2, 0.001, 'regression') : 20.588052345281834
(150, 1, 32, 75, 14, 1, 1, 0.4, 0.0005, 'regression') : 20.603351373325278
(200, 1, 32, 75, 14, 1, 1, 0.2, 0.005, 'regression') : 20.604730143340177
(200, 1, 8, 75, 14, 1, 1, 0.2, 0.005, 'regression') : 20.618282714123634
(100, 1, 32, 75, 14, 1, 1, 0.0, 0.0005, 'regression') : 20.667479544968547
(100, 1, 32, 75, 14, 1, 1, 0.2, 0.0005, 'regression') : 20.67753969509959
(70, 1, 32, 75, 14, 1, 1, 0.0, 0.005, 'regression') : 20.72384142727426
(100, 1, 8, 75, 14, 1, 1, 0.4, 0.005, 'regression') : 20.73832614874278
(70, 1, 8, 75, 14, 1, 1, 0.0, 0.005, 'regression') : 20.84319642048017
(200, 1, 32, 75, 14, 1, 1, 0.0, 0.0005, 'regression') : 20.850351783228458
(400, 1, 32, 75, 14, 1, 1, 0.4, 0.0005, 'regression') : 20.923400580385344
(100, 1, 32, 75, 14, 1, 1, 0.0, 0.001, 'regression') : 20.968331310276938
(400, 1, 32, 75, 14, 1, 1, 0.2, 0.0005, 'regression') : 20.99144276397019
(400, 1, 8, 75, 14, 1, 1, 0.2, 0.001, 'regression') : 21.056795986356097
(100, 1, 32, 75, 14, 1, 1, 0.2, 0.005, 'regression') : 21.067669397463828
(70, 1, 32, 75, 14, 1, 1, 0.2, 0.005, 'regression') : 21.12376590372163
(70, 1, 32, 75, 14, 1, 1, 0.0, 0.0005, 'regression') : 21.245428448899183
(150, 1, 32, 75, 14, 1, 1, 0.0, 0.005, 'regression') : 21.248881548724302
(200, 1, 32, 75, 14, 1, 1, 0.4, 0.005, 'regression') : 21.28651109019458
(70, 1, 8, 75, 14, 1, 1, 0.2, 0.005, 'regression') : 21.30277612847383
(100, 1, 32, 75, 14, 1, 1, 0.4, 0.005, 'regression') : 21.31718075452424
(400, 1, 8, 75, 14, 1, 1, 0.0, 0.005, 'regression') : 21.39455981103746
(70, 1, 32, 75, 14, 1, 1, 0.4, 0.0005, 'regression') : 21.460973704067026
(400, 1, 32, 75, 14, 1, 1, 0.2, 0.005, 'regression') : 21.56432412666398
(200, 1, 32, 75, 14, 1, 1, 0.2, 0.0005, 'regression') : 21.672432807068564
(400, 1, 8, 75, 14, 1, 1, 0.2, 0.005, 'regression') : 21.675323893914786
(200, 1, 32, 75, 14, 1, 1, 0.4, 0.0005, 'regression') : 21.732930985104808
(100, 1, 8, 75, 14, 1, 1, 0.0, 0.005, 'regression') : 21.79724235267823
(70, 1, 8, 75, 14, 1, 1, 0.4, 0.005, 'regression') : 22.085575718011718
(400, 1, 8, 75, 14, 1, 1, 0.4, 0.005, 'regression') : 22.11335614194278
(100, 1, 8, 75, 14, 1, 1, 0.2, 0.005, 'regression') : 22.154042902458315
(150, 1, 8, 75, 14, 1, 1, 0.2, 0.005, 'regression') : 22.17700796900812
(400, 1, 32, 75, 14, 1, 1, 0.4, 0.005, 'regression') : 22.26788147031494
(200, 1, 8, 75, 14, 1, 1, 0.0, 0.005, 'regression') : 22.479903239964948
(150, 1, 8, 75, 14, 1, 1, 0.0, 0.005, 'regression') : 22.56347275540402
(150, 1, 8, 75, 14, 1, 1, 0.4, 0.005, 'regression') : 22.65856752062695
(200, 1, 8, 75, 14, 1, 1, 0.4, 0.005, 'regression') : 22.699709127988417
