Best Hyperparameter:(400, 1, 8, 75, 14, 1, 1, 0.4, 0.001, 'regression')

All Results:
(400, 1, 8, 75, 14, 1, 1, 0.4, 0.001, 'regression') : 17.80228797962195
(70, 1, 8, 75, 14, 1, 1, 0.2, 0.001, 'regression') : 18.148334432596204
(200, 1, 8, 75, 14, 1, 1, 0.4, 0.001, 'regression') : 18.261670335935673
(70, 1, 8, 75, 14, 1, 1, 0.4, 0.001, 'regression') : 18.446238787962315
(70, 1, 8, 75, 14, 1, 1, 0.2, 0.0005, 'regression') : 18.54494356961882
(70, 1, 8, 75, 14, 1, 1, 0.0, 0.0005, 'regression') : 18.58165529497297
(400, 1, 8, 75, 14, 1, 1, 0.4, 0.0005, 'regression') : 18.714000142255916
(150, 1, 8, 75, 14, 1, 1, 0.4, 0.001, 'regression') : 18.8598822721546
(100, 1, 8, 75, 14, 1, 1, 0.4, 0.0005, 'regression') : 18.883176126947387
(100, 1, 8, 75, 14, 1, 1, 0.4, 0.001, 'regression') : 18.92301852740831
(100, 1, 8, 75, 14, 1, 1, 0.2, 0.001, 'regression') : 19.00740637813828
(400, 1, 8, 75, 14, 1, 1, 0.0, 0.001, 'regression') : 19.027270828847673
(100, 1, 8, 75, 14, 1, 1, 0.2, 0.0005, 'regression') : 19.10912733571107
(100, 1, 32, 75, 14, 1, 1, 0.2, 0.005, 'regression') : 19.175400899167744
(100, 1, 32, 75, 14, 1, 1, 0.2, 0.001, 'regression') : 19.204236925757975
(400, 1, 32, 75, 14, 1, 1, 0.4, 0.005, 'regression') : 19.25204800771878
(200, 1, 32, 75, 14, 1, 1, 0.2, 0.005, 'regression') : 19.290809058721887
(70, 1, 8, 75, 14, 1, 1, 0.0, 0.001, 'regression') : 19.310136924962247
(200, 1, 8, 75, 14, 1, 1, 0.2, 0.0005, 'regression') : 19.316678563501195
(100, 1, 32, 75, 14, 1, 1, 0.0, 0.001, 'regression') : 19.319069231290733
(150, 1, 8, 75, 14, 1, 1, 0.4, 0.0005, 'regression') : 19.351746751906166
(150, 1, 32, 75, 14, 1, 1, 0.2, 0.001, 'regression') : 19.367759338257407
(150, 1, 8, 75, 14, 1, 1, 0.2, 0.0005, 'regression') : 19.42512241218679
(150, 1, 8, 75, 14, 1, 1, 0.2, 0.001, 'regression') : 19.445487951513517
(100, 1, 32, 75, 14, 1, 1, 0.4, 0.005, 'regression') : 19.460822483399397
(400, 1, 8, 75, 14, 1, 1, 0.2, 0.001, 'regression') : 19.46374413432306
(200, 1, 8, 75, 14, 1, 1, 0.4, 0.0005, 'regression') : 19.47815982204533
(150, 1, 32, 75, 14, 1, 1, 0.4, 0.001, 'regression') : 19.479146550404575
(70, 1, 32, 75, 14, 1, 1, 0.4, 0.001, 'regression') : 19.50926382401655
(400, 1, 8, 75, 14, 1, 1, 0.2, 0.0005, 'regression') : 19.6370101986973
(200, 1, 8, 75, 14, 1, 1, 0.0, 0.0005, 'regression') : 19.65790837792307
(200, 1, 32, 75, 14, 1, 1, 0.2, 0.001, 'regression') : 19.701680323390498
(100, 1, 32, 75, 14, 1, 1, 0.4, 0.001, 'regression') : 19.704727713104187
(100, 1, 8, 75, 14, 1, 1, 0.0, 0.0005, 'regression') : 19.763374833896215
(400, 1, 32, 75, 14, 1, 1, 0.2, 0.001, 'regression') : 19.887494835887733
(70, 1, 32, 75, 14, 1, 1, 0.0, 0.001, 'regression') : 19.90651183737746
(100, 1, 32, 75, 14, 1, 1, 0.0, 0.0005, 'regression') : 19.9441300431016
(400, 1, 32, 75, 14, 1, 1, 0.0, 0.001, 'regression') : 19.955189654394083
(200, 1, 8, 75, 14, 1, 1, 0.2, 0.001, 'regression') : 19.96367543564505
(150, 1, 8, 75, 14, 1, 1, 0.0, 0.001, 'regression') : 20.005600267862516
(200, 1, 32, 75, 14, 1, 1, 0.4, 0.001, 'regression') : 20.007019418888646
(150, 1, 32, 75, 14, 1, 1, 0.0, 0.0005, 'regression') : 20.049613184387315
(200, 1, 32, 75, 14, 1, 1, 0.0, 0.005, 'regression') : 20.06493672754056
(100, 1, 32, 75, 14, 1, 1, 0.4, 0.0005, 'regression') : 20.075201365206375
(70, 1, 32, 75, 14, 1, 1, 0.2, 0.001, 'regression') : 20.09009658954996
(200, 1, 32, 75, 14, 1, 1, 0.0, 0.001, 'regression') : 20.13176327076612
(400, 1, 32, 75, 14, 1, 1, 0.4, 0.0005, 'regression') : 20.172462915515386
(200, 1, 8, 75, 14, 1, 1, 0.0, 0.001, 'regression') : 20.21121875037746
(400, 1, 32, 75, 14, 1, 1, 0.4, 0.001, 'regression') : 20.26263229632149
(150, 1, 32, 75, 14, 1, 1, 0.2, 0.0005, 'regression') : 20.3200556110864
(70, 1, 8, 75, 14, 1, 1, 0.4, 0.0005, 'regression') : 20.447666287072078
(70, 1, 32, 75, 14, 1, 1, 0.0, 0.005, 'regression') : 20.475027988401006
(150, 1, 8, 75, 14, 1, 1, 0.0, 0.0005, 'regression') : 20.495594632212722
(150, 1, 32, 75, 14, 1, 1, 0.4, 0.0005, 'regression') : 20.500277291258136
(400, 1, 8, 75, 14, 1, 1, 0.0, 0.0005, 'regression') : 20.583657439568213
(100, 1, 8, 75, 14, 1, 1, 0.0, 0.005, 'regression') : 20.655916618090334
(100, 1, 32, 75, 14, 1, 1, 0.2, 0.0005, 'regression') : 20.695313719984227
(200, 1, 32, 75, 14, 1, 1, 0.4, 0.0005, 'regression') : 20.76258148261359
(200, 1, 32, 75, 14, 1, 1, 0.2, 0.0005, 'regression') : 20.911588127097204
(200, 1, 32, 75, 14, 1, 1, 0.0, 0.0005, 'regression') : 20.918416320701283
(400, 1, 32, 75, 14, 1, 1, 0.0, 0.0005, 'regression') : 21.050509053768344
(400, 1, 8, 75, 14, 1, 1, 0.0, 0.005, 'regression') : 21.056013725595022
(70, 1, 32, 75, 14, 1, 1, 0.0, 0.0005, 'regression') : 21.1072046864505
(100, 1, 8, 75, 14, 1, 1, 0.4, 0.005, 'regression') : 21.143258480870344
(400, 1, 32, 75, 14, 1, 1, 0.2, 0.0005, 'regression') : 21.158871259240307
(100, 1, 8, 75, 14, 1, 1, 0.2, 0.005, 'regression') : 21.21028454170743
(400, 1, 8, 75, 14, 1, 1, 0.2, 0.005, 'regression') : 21.220701297514374
(100, 1, 8, 75, 14, 1, 1, 0.0, 0.001, 'regression') : 21.279895147862796
(150, 1, 32, 75, 14, 1, 1, 0.0, 0.001, 'regression') : 21.28378663154414
(70, 1, 32, 75, 14, 1, 1, 0.4, 0.0005, 'regression') : 21.33591162534538
(200, 1, 8, 75, 14, 1, 1, 0.4, 0.005, 'regression') : 21.34555586305607
(100, 1, 32, 75, 14, 1, 1, 0.0, 0.005, 'regression') : 21.375782451421507
(400, 1, 32, 75, 14, 1, 1, 0.0, 0.005, 'regression') : 21.496415247282233
(70, 1, 32, 75, 14, 1, 1, 0.2, 0.0005, 'regression') : 21.55515085483874
(150, 1, 8, 75, 14, 1, 1, 0.4, 0.005, 'regression') : 21.6630796055399
(200, 1, 8, 75, 14, 1, 1, 0.0, 0.005, 'regression') : 21.727160710707757
(70, 1, 8, 75, 14, 1, 1, 0.2, 0.005, 'regression') : 21.75758439117871
(150, 1, 32, 75, 14, 1, 1, 0.2, 0.005, 'regression') : 21.84240237350591
(70, 1, 32, 75, 14, 1, 1, 0.4, 0.005, 'regression') : 21.940276636431065
(150, 1, 8, 75, 14, 1, 1, 0.2, 0.005, 'regression') : 21.99575354959755
(200, 1, 32, 75, 14, 1, 1, 0.4, 0.005, 'regression') : 22.018102397949928
(70, 1, 8, 75, 14, 1, 1, 0.0, 0.005, 'regression') : 22.289946039156355
(200, 1, 8, 75, 14, 1, 1, 0.2, 0.005, 'regression') : 22.32294282947115
(400, 1, 8, 75, 14, 1, 1, 0.4, 0.005, 'regression') : 22.347487984522104
(150, 1, 32, 75, 14, 1, 1, 0.0, 0.005, 'regression') : 22.36167586070143
(150, 1, 32, 75, 14, 1, 1, 0.4, 0.005, 'regression') : 22.42009030029164
(400, 1, 32, 75, 14, 1, 1, 0.2, 0.005, 'regression') : 22.756576706988533
(70, 1, 32, 75, 14, 1, 1, 0.2, 0.005, 'regression') : 23.712519574814763
(70, 1, 8, 75, 14, 1, 1, 0.4, 0.005, 'regression') : 23.801095904990035
(150, 1, 8, 75, 14, 1, 1, 0.0, 0.005, 'regression') : 23.944828048341922
