Best Hyperparameter:(100, 1, 8, 75, 14, 1, 1, 0.2, 0.001, 'regression')

All Results:
(100, 1, 8, 75, 14, 1, 1, 0.2, 0.001, 'regression') : 19.860036142553234
(200, 1, 8, 75, 14, 1, 1, 0.4, 0.0005, 'regression') : 19.94985437715414
(70, 1, 8, 75, 14, 1, 1, 0.4, 0.0005, 'regression') : 19.96613108074857
(70, 1, 8, 75, 14, 1, 1, 0.4, 0.001, 'regression') : 20.0636956930043
(70, 1, 8, 75, 14, 1, 1, 0.2, 0.0005, 'regression') : 20.070987320828884
(200, 1, 8, 75, 14, 1, 1, 0.2, 0.001, 'regression') : 20.267831096584597
(150, 1, 8, 75, 14, 1, 1, 0.2, 0.001, 'regression') : 20.342052470823454
(150, 1, 32, 75, 14, 1, 1, 0.2, 0.001, 'regression') : 20.36134088871802
(400, 1, 8, 75, 14, 1, 1, 0.2, 0.0005, 'regression') : 20.369741704347156
(150, 1, 8, 75, 14, 1, 1, 0.0, 0.0005, 'regression') : 20.379479082297273
(100, 1, 8, 75, 14, 1, 1, 0.4, 0.001, 'regression') : 20.548183074285582
(150, 1, 8, 75, 14, 1, 1, 0.0, 0.001, 'regression') : 20.617089707672072
(150, 1, 32, 75, 14, 1, 1, 0.0, 0.001, 'regression') : 20.66528529009815
(200, 1, 8, 75, 14, 1, 1, 0.2, 0.0005, 'regression') : 20.777272234072818
(400, 1, 8, 75, 14, 1, 1, 0.4, 0.001, 'regression') : 20.804839029724544
(150, 1, 8, 75, 14, 1, 1, 0.4, 0.0005, 'regression') : 20.8608179256522
(100, 1, 8, 75, 14, 1, 1, 0.0, 0.001, 'regression') : 20.867226082809996
(70, 1, 32, 75, 14, 1, 1, 0.4, 0.001, 'regression') : 20.868736121178493
(70, 1, 32, 75, 14, 1, 1, 0.0, 0.001, 'regression') : 20.8752963379742
(200, 1, 8, 75, 14, 1, 1, 0.4, 0.001, 'regression') : 20.972349870726106
(150, 1, 32, 75, 14, 1, 1, 0.4, 0.001, 'regression') : 21.02141692460725
(150, 1, 8, 75, 14, 1, 1, 0.2, 0.0005, 'regression') : 21.070267557726872
(200, 1, 8, 75, 14, 1, 1, 0.0, 0.0005, 'regression') : 21.0968439315623
(200, 1, 8, 75, 14, 1, 1, 0.0, 0.001, 'regression') : 21.114854128331046
(100, 1, 32, 75, 14, 1, 1, 0.2, 0.001, 'regression') : 21.13030964520528
(150, 1, 32, 75, 14, 1, 1, 0.2, 0.0005, 'regression') : 21.183770219978992
(150, 1, 8, 75, 14, 1, 1, 0.4, 0.001, 'regression') : 21.18815363632293
(400, 1, 8, 75, 14, 1, 1, 0.2, 0.001, 'regression') : 21.203113253705173
(200, 1, 32, 75, 14, 1, 1, 0.4, 0.005, 'regression') : 21.280521599283244
(70, 1, 8, 75, 14, 1, 1, 0.0, 0.0005, 'regression') : 21.299280593284642
(100, 1, 8, 75, 14, 1, 1, 0.2, 0.0005, 'regression') : 21.316844211699582
(150, 1, 32, 75, 14, 1, 1, 0.4, 0.0005, 'regression') : 21.379508373090356
(400, 1, 32, 75, 14, 1, 1, 0.4, 0.0005, 'regression') : 21.380440699223954
(70, 1, 8, 75, 14, 1, 1, 0.2, 0.001, 'regression') : 21.381161999300815
(70, 1, 8, 75, 14, 1, 1, 0.4, 0.005, 'regression') : 21.384607330744565
(200, 1, 32, 75, 14, 1, 1, 0.2, 0.001, 'regression') : 21.454514713531275
(100, 1, 8, 75, 14, 1, 1, 0.0, 0.0005, 'regression') : 21.455116522382923
(400, 1, 32, 75, 14, 1, 1, 0.2, 0.0005, 'regression') : 21.466522790233938
(400, 1, 8, 75, 14, 1, 1, 0.0, 0.0005, 'regression') : 21.4754247058337
(100, 1, 32, 75, 14, 1, 1, 0.4, 0.001, 'regression') : 21.480564367831835
(70, 1, 32, 75, 14, 1, 1, 0.4, 0.0005, 'regression') : 21.513088737900283
(200, 1, 32, 75, 14, 1, 1, 0.4, 0.001, 'regression') : 21.601737418856416
(100, 1, 32, 75, 14, 1, 1, 0.4, 0.0005, 'regression') : 21.6057506778259
(400, 1, 8, 75, 14, 1, 1, 0.0, 0.001, 'regression') : 21.623523095668514
(150, 1, 32, 75, 14, 1, 1, 0.0, 0.0005, 'regression') : 21.646754373581008
(100, 1, 32, 75, 14, 1, 1, 0.0, 0.001, 'regression') : 21.65564195287978
(70, 1, 8, 75, 14, 1, 1, 0.0, 0.001, 'regression') : 21.66191557293703
(200, 1, 32, 75, 14, 1, 1, 0.4, 0.0005, 'regression') : 21.677436389970495
(70, 1, 32, 75, 14, 1, 1, 0.2, 0.001, 'regression') : 21.691637017913365
(200, 1, 32, 75, 14, 1, 1, 0.0, 0.001, 'regression') : 21.711126981357097
(100, 1, 8, 75, 14, 1, 1, 0.4, 0.0005, 'regression') : 21.770795241664736
(70, 1, 32, 75, 14, 1, 1, 0.0, 0.005, 'regression') : 21.795313556712607
(200, 1, 32, 75, 14, 1, 1, 0.2, 0.005, 'regression') : 21.795736288482203
(70, 1, 32, 75, 14, 1, 1, 0.2, 0.005, 'regression') : 21.83227147856755
(400, 1, 8, 75, 14, 1, 1, 0.4, 0.0005, 'regression') : 21.86931069396677
(200, 1, 32, 75, 14, 1, 1, 0.2, 0.0005, 'regression') : 22.00711985140975
(70, 1, 32, 75, 14, 1, 1, 0.2, 0.0005, 'regression') : 22.037935793036247
(100, 1, 32, 75, 14, 1, 1, 0.2, 0.0005, 'regression') : 22.161865145031463
(200, 1, 32, 75, 14, 1, 1, 0.0, 0.005, 'regression') : 22.184807708232263
(150, 1, 8, 75, 14, 1, 1, 0.4, 0.005, 'regression') : 22.277302542052098
(400, 1, 32, 75, 14, 1, 1, 0.4, 0.001, 'regression') : 22.295445079970587
(150, 1, 32, 75, 14, 1, 1, 0.0, 0.005, 'regression') : 22.389210411404783
(100, 1, 32, 75, 14, 1, 1, 0.0, 0.0005, 'regression') : 22.42354606989013
(200, 1, 32, 75, 14, 1, 1, 0.0, 0.0005, 'regression') : 22.4627849599579
(400, 1, 8, 75, 14, 1, 1, 0.0, 0.005, 'regression') : 22.466973123845786
(70, 1, 32, 75, 14, 1, 1, 0.0, 0.0005, 'regression') : 22.473487927343626
(100, 1, 32, 75, 14, 1, 1, 0.0, 0.005, 'regression') : 22.50893929449089
(400, 1, 32, 75, 14, 1, 1, 0.2, 0.005, 'regression') : 22.529394925742956
(70, 1, 32, 75, 14, 1, 1, 0.4, 0.005, 'regression') : 22.581193704286093
(150, 1, 32, 75, 14, 1, 1, 0.4, 0.005, 'regression') : 22.58682146347456
(150, 1, 32, 75, 14, 1, 1, 0.2, 0.005, 'regression') : 22.59154636032826
(400, 1, 32, 75, 14, 1, 1, 0.0, 0.0005, 'regression') : 22.62101015903182
(70, 1, 8, 75, 14, 1, 1, 0.0, 0.005, 'regression') : 22.670650490148212
(400, 1, 32, 75, 14, 1, 1, 0.2, 0.001, 'regression') : 22.770837240029618
(400, 1, 8, 75, 14, 1, 1, 0.2, 0.005, 'regression') : 22.940291298562972
(400, 1, 32, 75, 14, 1, 1, 0.4, 0.005, 'regression') : 22.981843879861337
(100, 1, 32, 75, 14, 1, 1, 0.4, 0.005, 'regression') : 23.021922628063354
(100, 1, 8, 75, 14, 1, 1, 0.0, 0.005, 'regression') : 23.171323525092912
(400, 1, 32, 75, 14, 1, 1, 0.0, 0.001, 'regression') : 23.185364555773976
(100, 1, 32, 75, 14, 1, 1, 0.2, 0.005, 'regression') : 23.618438798688338
(400, 1, 32, 75, 14, 1, 1, 0.0, 0.005, 'regression') : 23.64174194573611
(150, 1, 8, 75, 14, 1, 1, 0.0, 0.005, 'regression') : 23.74582643518397
(100, 1, 8, 75, 14, 1, 1, 0.4, 0.005, 'regression') : 23.783150506564475
(400, 1, 8, 75, 14, 1, 1, 0.4, 0.005, 'regression') : 23.956328806260167
(200, 1, 8, 75, 14, 1, 1, 0.4, 0.005, 'regression') : 24.344904088748336
(100, 1, 8, 75, 14, 1, 1, 0.2, 0.005, 'regression') : 24.604073286542484
(200, 1, 8, 75, 14, 1, 1, 0.0, 0.005, 'regression') : 24.974489457329025
(150, 1, 8, 75, 14, 1, 1, 0.2, 0.005, 'regression') : 25.201895189824747
(70, 1, 8, 75, 14, 1, 1, 0.2, 0.005, 'regression') : 25.761559111226177
(200, 1, 8, 75, 14, 1, 1, 0.2, 0.005, 'regression') : 25.901613744677274
