4
6
11
13
33
34
174
176
177
179
180
196
222
227
240
241
242
243
244
261
262
263
264
273
280
281
284
289
297
299
300
307
308
311
323
335
338
342
356
379
398
402
403
428
454
460
527
533
612
650
660
674
679
700
702
712
713
727
753
768
783
785
787
795
875
878
887
899
904
931
936
938
942
949
957
965
980
991
995
996
999
1017
1030
1031
1032
1049
1068
1110
1127
1133
1140
1146
1183
1206
1254
1322
1567
1727
1732
1752
1988
2078
2087
2244
2263
2266
2286
2345
2347
2365
2450
2537
2710
2730
2758
2871
2879
2907
2955
2969
3007
3017
3026
3030
3031
3036
3039
3048
3080
3082
3102
3118
3121
3283
3286
3289
3293
3301
3314
3346
3438
3485
3598
3767
3776
3893
4004
4093
4101
4116
4130
4133
4156
4169
4284
4510
4618
4632
4650
4684
4685
4735
4763
4790
4792
4793
4837
4932
4933
4936
4944
4947
5002
5054
5126
5144
5192
5251
5281
5392
5447
5455
5497
5541
5543
5561
5565
5569
5641
5773
5780
5794
5801
5921
5942
5971
5976
5993
6001
6010
6028
6050
6054
6061
6101
6108
6113
6115
6124
6129
6163
6173
6184
6212
6227
6228
6251
6264
6269
6276
6278
6318
6319
6323
6324
6325
6326
6327
6329
6332
6333
6334
6335
6337
6338
6339
6340
6341
6342
6343
6348
6354
6358
6360
6361
6363
6364
6365
6366
6367
6368
6369
6375
6377
6378
6385
6386
6387
6388
6394
6395
6396
6397
6398
6399
6403
6404
6405
6406
6407
6410
6413
6416
6417
6421
6448
6478
6490
6492
6496
6497
6498
6500
6501
6505
6506
6510
6511
6517
6521
6527
6529
6534
6535
6537
6539
6540
6544
6545
6549
6553
6554
6556
6557
6558
6559
6560
6561
6562
6564
6565
6566
6567
6568
6569
6570
6571
6572
6573
6575
6576
6577
6579
6580
6581
6582
6584
6585
6586
6587
6588
6589
6590
6593
6594
6597
6598
6616
6623
6627
6629
6637
6638
6641
6643
6644
6645
6650
6654
6658
6669
6672
6681
6693
6720
6734
6737
6739
6749
6766
6777
6779
6780
6781
6782
6786
6787
6788
6796
6810
6811
6819
6826
6828
6829
6849
6853
6854
6887
6893
6895
6896
6901
6909
6914
6916
6917
6923
6943
6944
6945
6946
6947
6950
6954
6974
6977
6978
6983
6984
6989
6991
6992
6996
6997
6998
7000
7002
7003
7005
7015
7017
7026
7040
7042
7044
7047
7048
7051
7055
7056
7057
7059
7060
7061
7071
7076
7092
7095
7098
7101
7102
7103
7104
7108
7114
7115
7120
7127
7150
7157
7161
7173
7184
7187
7203
7206
7211
7216
7217
7219
7220
7236
7237
7238
7239
7240
7241
7242
7243
7244
7245
7247
7248
7250
7251
7254
7255
7257
7259
7261
7262
7265
7268
7269
7270
7271
7276
7277
7280
7281
7282
7285
7286
7288
7289
7290
7292
7293
7294
7295
7296
7298
7302
7303
7308
7313
7321
7335
7342
7343
7344
7346
7350
7351
7352
7354
7355
7357
7358
7359
7360
7361
7362
7366
7367
7368
7369
7371
7372
7374
7375
7386
7390
7393
7394
7397
7406
7407
7408
7409
7410
7411
7412
7415
7416
7422
7440
7443
7451
7452
7455
7463
7471
7472
7473
7474
7475
7476
7485
7488
7489
7490
7492
7497
7498
7499
7500
7501
7503
7504
7505
7508
7509
7515
7516
7519
7521
7525
7528
7529
7540
7543
7551
7557
7564
7565
7567
7569
7570
7573
7577
7579
7580
7582
7583
7586
7589
7590
7592
7594
7610
7612
7616
7617
7618
7621
7622
7635
7636
7641
7648
7652
7657
7668
7670
7671
7672
7674
7676
7681
7684
7693
7705
7716
7719
7720
7721
7724
7726
7728
7732
7734
7735
7745
7748
7749
7751
7752
7757
7758
7761
7762
7764
7765
7766
7767
7768
7771
7784
7791
7794
7798
7802
7805
7809
7810
7812
7813
7814
7819
7820
7822
7824
7825
7828
7831
7833
7834
7835
7836
7837
7838
7840
7841
7842
7843
7844
7845
7847
7848
7849
7850
7852
7853
7854
7855
7856
7857
7858
7859
7860
7861
7864
7865
7867
7868
7869
7870
7871
7873
7881
7884
7885
7890
7892
7895
7896
7897
7899
7900
7902
7903
7904
7908
7909
7910
7912
7914
7915
7916
7917
7918
7921
7922
7923
7924
7929
7931
7932
7933
7934
7935
7944
7946
7947
7948
7949
7950
7953
7957
7958
7959
7961
7962
7963
7964
7965
7966
7967
7969
7970
7972
7975
7977
7981
7983
7985
7986
7991
7992
7993
7996
7997
7998
8001
8002
8003
8004
8005
8006
8007
8008
8010
8011
8012
8013
8016
8019
8020
8021
8023
8024
8025
8026
8027
8028
8029
8030
8033
8034
8035
8037
8038
8040
8044
8046
8051
8053
8054
8058
8059
8060
8061
8062
8063
8064
8065
8066
8067
8068
8069
8071
8072
8073
8074
8076
8078
8079
8080
8081
8082
8083
8085
8086
8087
8093
8094
8095
8098
8102
8103
8105
8106
8108
8109
8110
8111
8112
8113
8114
8115
8117
8119
8121
8124
8125
8128
8129
8130
8133
8134
8135
8141
8142
8144
8146
8147
8148
8149
8150
8154
8157
8158
8159
8160
8163
8165
8170
8171
8172
8174
8175
8177
8178
8179
8180
8182
8183
8184
8188
8189
8190
8192
8193
8195
8196
8197
8199
8200
8201
8207
8209
8210
8221
8222
8227
8252
8254
8255
8257
8258
8260
8267
8268
8283
8285
8289
8294
8295
8298
8301
8304
8315
8326
8331
8341
8343
8344
8345
8346
8360
8362
8363
8368
8370
8376
8379
8380
8390
8404
8411
8413
8418
8419
8425
8427
8437
8441
8442
8445
8447
8449
8452
8456
8461
8467
8469
8470
8471
8472
8473
8489
8490
8492
8495
8554
8560
8561
8620
8635
8640
8657
8663
8680
8693
8697
8698
8711
8722
8723
8733
8735
8738
8759
8769
8772
8783
8785
8794
8795
8805
8815
8817
8821
8830
8843
8846
8847
8850
8851
8855
8857
8858
8868
8870
8872
8880
8881
8882
8892
8894
8900
8902
8906
8908
8909
8914
8917
8920
8923
8926
8929
8946
8981
9006
9011
9015
9016
9032
9033
9076
9086
9154
9161
9223
9246
9250
9253
9257
9265
9275
9306
9320
9321
9359
9473
9481
9526
9550
9584
9603
9606
9609
9709
9731
9737
9795
9808
9862
9864
9993
9999
10008
10009
10026
10038
10041
10045
10049
10110
10129
10178
10261
10341
10364
10377
10387
10401
10405
10418
10419
10423
10430
10438
10439
10442
10450
10461
10476
10477
10482
10485
10492
10509
10522
10541
10553
10554
10555
10557
10560
10569
10657
10686
10687
10695
10707
10721
10722
10724
10757
10758
10788
10795
10797
10800
10824
10836
10848
10850
10867
10868
10890
10898
10899
10900
10903
10907
10908
10911
10913
10928
10943
10952
10957
10958
10960
10963
10967
10976
10977
10992
10993
11005
11006
11011
11016
11040
11089
11123
11124
11142
11164
11167
11169
11173
11177
11178
11184
11191
11194
11199
11203
11230
11232
11239
11240
11241
11251
11317
11328
11335
11345
11346
11357
11418
11419
11427
11428
11429
11442
11443
11454
11463
11487
11524
11529
11534
11536
11550
11552
11560
11563
11566
11575
11582
11583
11584
11587
11594
11597
11599
11605
11606
11610
11614
11615
11622
11635
11641
11645
11673
11674
11698
11715
11718
11732
11734
11747
11750
11756
11761
11775
11776
11807
11813
11844
11846
11864
11869
11883
11899
11904
11905
11906
11910
11921
11927
11966
12005
12018
12021
12025
12064
12067
12075
12099
12104
12120
12133
12141
12142
12146
12161
12170
12180
12198
12206
12217
12228
12232
12238
12251
12252
12257
12259
12266
12276
12278
12297
12301
12307
12308
12313
12329
12340
12348
12355
12374
12375
12376
12377
12388
12389
12398
12399
12401
12403
12405
12406
12433
12437
12463
12468
12512
12519
12529
12534
12573
12574
12582
12586
12592
12661
12668
12679
12682
12688
12703
12712
12713
12724
12762
12763
12902
12932
12958
12968
12971
12986
12989
13002
13032
13101
13130
13134
13140
13143
13165
13187
13190
13192
13195
13232
13271
13360
13381
13382
13387
13404
13521
13529
13555
13556
13578
13583
13586
13589
13591
13618
13652
13676
13709
13835
13838
13931
14074
14215
14222
14236
14242
14257
14260
14264
14282
14304
14337
14529
14657
14710
14716
14741
14771
14777
14778
14812
14855
14862
14896
14899
14906
14917
15077
15088
15112
15122
15133
15258
15286
15287
15290
15301
15413
15415
15422
15450
15457
15458
15504
15533
15589
15600
15615
15625
15660
15662
15730
15733
15787
15793
15891
15965
15979
15997
16002
16003
16004
16015
16043
16180
16181
16238
16316
16402
16541
16542
16551
16591
16606
16638
16640
16653
16659
16666
16680
16699
16704
16720
16724
16797
16993
17046
17049
17050
17073
17095
17111
17142
17162
17258
17259
17305
17312
17318
17349
17432
17435
17522
17581
17701
17756
17776
17816
17857
17858
17869
17905
18015
18049
18052
18056
18177
18204
18297
18303
18316
18320
18321
18360
18392
18430
18502
18503
18555
18604
18609
18617
18632
18635
18725
18771
18938
18996
19041
19232
19244
19283
19284
19354
19395
19460
19463
19499
19601
19707
19736
19855
19920
19990
19996
20083
20250
20342
20393
20498
20568
20680
20686
20769
20797
20936
21058
21122
21202
21210
21307
21330
21492
21499
21531
21574
21609
21660
21801
21803
21852
21954
22184
22311
22386
22420
22710
22932
23194
23235
23284
23471
23555
23956
23969
23984
24116
24142
24227
24314
24404
24489
24510
24610
24667
24670
24678
24680
24705
24722
24726
24730
24738
24744
24750
24752
24758
24762
24764
24773
24807
24813
24870
24874
24946
24998
25006
25054
25305
25353
25418
25457
25485
25508
25511
25515
25608
25644
25670
25750
25914
26176
26177
26318
26323
26374
27054
27582
27756
27882
27909
27924
28500
28594
28700
28777
28803
28838
29740
29935
31200
31211
31215
31217
31218
31229
31234
31236
31237
31238
31241
31242
31244
31245
31246
31247
31249
31253
31254
31256
31260
31261
31263
31264
31268
31271
31272
31275
31276
31278
31279
31285
31287
31288
31289
31296
31297
31298
31344
31347
31356
31357
31368
31369
31370
31373
31374
31404
31405
31412
31423
31621
31677
31957
32485
32490
32611
32739
32791
32803
32881
32898
32965
33023
33097
33101
33112
33360
33363
33510
33528
33557
33599
33600
33744
33934
34023
34148
34692
34697
34763
34766
36392
36400
36442
36565
36679
37175
37517
38018
38037
38103
38479
38759
38764
39149
39385
39793
39985
40470
40818
41478
45056
48132
51132
51605
54744
54778
54901
60835
60854
60987
60994
60999
61009
61011
61020
61021
61061
61103
61136
61140
61195
61246
61247
61249
61250
61258
61286
61410
61448
61483
61503
61534
61789
61868
62010
62152
62204
62238
62324
62365
62388
62390
62413
62553
62570
62572
62695
62773
62794
62827
62829
62838
63103
64685
64819
66124
66601
66666
66752
66932
67296
67818
68245
68315
69279
69810
70198
70896
72385
73673
73791
74190
74483
75103
75778
76563
79149
80511
81530
82916
85257
85595
85689
86240
86876
88054
88353
88899
89594
90263
91435
91516
91655
91664
91751
91752
91753
91759
92270
92421
92629
93379
96386
98495
102835
104556
104745
104775
105075
105706
106729
110862
118193
119411
122526
122634
122903
123622
140487
158333
159055
162097
165675
165746
169132
170530
171144
171378
175854
177861
180089
187954
198243
200164
212930
213016
213031
213046
220601
222464
222548
232703
246728
247573
249266
252325
258030
299882
407033
439263
439568
440917
440967
440968
442460
443131
444294
444972
445639
447466
448537
498033
517055
517922
518275
518772
520263
521701
522765
542762
545619
590836
636371
637090
637511
637517
637531
637563
637566
637892
638011
638014
638072
638081
638144
638186
641245
641298
642197
643460
643779
643790
643792
643820
643833
643911
657014
697993
735940
736366
853433
1201518
1268142
1548943
1549018
1549019
1549025
1549026
1549236
1549237
1549522
1550286
1715097
2723650
2723706
2723816
2723949
2734570
2735101
2771871
3016472
3032581
3032604
3033834
3033874
3034068
3034368
3035467
3246019
3391107
3641960
3672772
3714831
3723261
4560140
4570824
4585885
4921319
5086465
5273467
5273469
5280511
5280656
5280934
5281167
5281303
5281515
5281522
5281531
5281872
5281875
5281929
5281955
5282108
5282198
5284364
5284371
5284376
5284469
5284484
5284498
5284569
5287573
5314126
5315892
5319693
5322111
5324275
5324276
5324277
5324278
5324707
5326160
5326161
5326315
5353424
5353800
5354264
5354342
5354499
5354896
5355732
5355863
5357179
5357254
5359464
5362487
5362708
5363199
5364360
5364361
5364590
5365125
5365543
5365552
5366546
5367460
5367719
5368797
5370144
5371084
5371560
5371561
5371562
5372798
5372813
5373603
5373773
5462222
5462224
5462814
5463081
5489265
5493321
5702264
5702534
5964719
6028739
6253904
6259976
6262774
6291886
6327114
6327132
6327212
6327347
6327349
6327386
6327657
6327710
6328162
6328200
6328532
6371716
6380953
6429274
6431949
6432008
6432115
6433355
6433494
6433588
6433657
6435908
6436601
6439704
6442842
6508331
6537497
6552009
6566020
6850715
6857559
6950273
6951563
6971246
6994089
7567181
9543187
9561614
9570092
9576412
9578570
9809914
9828343
9839306
9839867
9902403
9949814
10290825
10342051
10909559
10937607
10938769
10997035
11085337
11100674
11524680
11597698
11664966
11806291
11954021
11975273
12242824
12302715
12303031
12310947
12358480
12358497
12418962
12456033
12492872
12566815
12642904
12691392
13020083
13218777
13218779
13307026
13628993
14029260
14030006
15302585
15558051
15558638
15558640
15618650
15618652
15764013
16129778
16129878
16131300
16133892
16134267
16212386
16213094
16403316
16682730
16682738
16682740
16682746
16682930
16682931
18186137
18795600
20055018
20849290
21743835
21884954
21896169
21922314
22322574
22494421
22630278
22833331
22833340
22833501
22883840
23266392
23619811
23662383
23664618
23665571
23687326
23707731
24206434
24208748
24832102
24860538
24860539
24942185
25022145
25141463
25181308
25200196
25203927
29934831
38988594
44120005
44135439
44135690
44144434
44263835
44630107
45356890
46174049
52190627
53400412
53442617
53627428
53627471
54680085
56846457
57339238
57345970
67341095
70481745
71306824
71308436
71308720
71310221
71312306
71313545
71359510
71586776
71593923
73555645
73555666
74627776
76968699
86289060
90474135
91826865
92535137
101008927
101260859
101611446
129659218
131698851
134129492
134687832
134687881
134687884
134692534
135398667
135491728
135874855
