Best Hyperparameter:(200, 1, 8, 75, 14, 1, 1, 0.0, 0.001, 'regression')

All Results:
(200, 1, 8, 75, 14, 1, 1, 0.0, 0.001, 'regression') : 18.152748640961637
(150, 1, 8, 75, 14, 1, 1, 0.4, 0.0005, 'regression') : 18.352860394044765
(70, 1, 8, 75, 14, 1, 1, 0.2, 0.0005, 'regression') : 18.51114698935058
(400, 1, 8, 75, 14, 1, 1, 0.2, 0.0005, 'regression') : 18.62608317053551
(400, 1, 8, 75, 14, 1, 1, 0.0, 0.0005, 'regression') : 18.654502732516306
(400, 1, 8, 75, 14, 1, 1, 0.4, 0.0005, 'regression') : 18.80790086063504
(150, 1, 8, 75, 14, 1, 1, 0.2, 0.001, 'regression') : 18.867465566443954
(100, 1, 8, 75, 14, 1, 1, 0.2, 0.0005, 'regression') : 18.970461464423984
(400, 1, 8, 75, 14, 1, 1, 0.2, 0.001, 'regression') : 19.15796680377436
(200, 1, 8, 75, 14, 1, 1, 0.4, 0.001, 'regression') : 19.23573526520713
(70, 1, 8, 75, 14, 1, 1, 0.0, 0.0005, 'regression') : 19.294447711205585
(70, 1, 8, 75, 14, 1, 1, 0.0, 0.001, 'regression') : 19.447385270767075
(150, 1, 32, 75, 14, 1, 1, 0.4, 0.001, 'regression') : 19.542974064681687
(100, 1, 8, 75, 14, 1, 1, 0.0, 0.001, 'regression') : 19.63829375918627
(70, 1, 8, 75, 14, 1, 1, 0.2, 0.001, 'regression') : 19.654220354614502
(70, 1, 32, 75, 14, 1, 1, 0.0, 0.001, 'regression') : 19.70258267940853
(200, 1, 8, 75, 14, 1, 1, 0.2, 0.0005, 'regression') : 19.711746810327938
(70, 1, 32, 75, 14, 1, 1, 0.4, 0.001, 'regression') : 19.714191315225982
(100, 1, 8, 75, 14, 1, 1, 0.0, 0.0005, 'regression') : 19.718714080708928
(200, 1, 8, 75, 14, 1, 1, 0.0, 0.0005, 'regression') : 19.779088532992102
(400, 1, 8, 75, 14, 1, 1, 0.4, 0.001, 'regression') : 19.81198098684257
(100, 1, 8, 75, 14, 1, 1, 0.2, 0.001, 'regression') : 19.820619315316083
(200, 1, 32, 75, 14, 1, 1, 0.4, 0.0005, 'regression') : 19.825298280453588
(70, 1, 8, 75, 14, 1, 1, 0.4, 0.001, 'regression') : 19.916047436350862
(150, 1, 8, 75, 14, 1, 1, 0.4, 0.001, 'regression') : 19.94160647936142
(200, 1, 8, 75, 14, 1, 1, 0.4, 0.0005, 'regression') : 19.94160692709712
(150, 1, 32, 75, 14, 1, 1, 0.2, 0.0005, 'regression') : 20.196642372330125
(150, 1, 32, 75, 14, 1, 1, 0.0, 0.0005, 'regression') : 20.203333433247554
(70, 1, 32, 75, 14, 1, 1, 0.0, 0.005, 'regression') : 20.20698624014911
(400, 1, 32, 75, 14, 1, 1, 0.2, 0.0005, 'regression') : 20.212680084028264
(150, 1, 32, 75, 14, 1, 1, 0.2, 0.001, 'regression') : 20.220305522191758
(100, 1, 8, 75, 14, 1, 1, 0.4, 0.0005, 'regression') : 20.240615080520243
(400, 1, 32, 75, 14, 1, 1, 0.4, 0.001, 'regression') : 20.25714357950911
(70, 1, 8, 75, 14, 1, 1, 0.4, 0.0005, 'regression') : 20.33438353441579
(200, 1, 32, 75, 14, 1, 1, 0.0, 0.001, 'regression') : 20.37924551616986
(200, 1, 32, 75, 14, 1, 1, 0.4, 0.001, 'regression') : 20.453338361082253
(400, 1, 32, 75, 14, 1, 1, 0.2, 0.001, 'regression') : 20.4557831135774
(200, 1, 8, 75, 14, 1, 1, 0.2, 0.001, 'regression') : 20.45627244920286
(150, 1, 32, 75, 14, 1, 1, 0.0, 0.001, 'regression') : 20.517093213696235
(200, 1, 8, 75, 14, 1, 1, 0.0, 0.005, 'regression') : 20.718547681066454
(150, 1, 8, 75, 14, 1, 1, 0.2, 0.0005, 'regression') : 20.749239900143163
(100, 1, 32, 75, 14, 1, 1, 0.0, 0.001, 'regression') : 20.756967134465473
(70, 1, 32, 75, 14, 1, 1, 0.2, 0.001, 'regression') : 20.757728879386903
(70, 1, 32, 75, 14, 1, 1, 0.4, 0.0005, 'regression') : 20.85401992720802
(100, 1, 32, 75, 14, 1, 1, 0.2, 0.0005, 'regression') : 20.86942212708741
(400, 1, 8, 75, 14, 1, 1, 0.0, 0.001, 'regression') : 20.873109826894787
(150, 1, 32, 75, 14, 1, 1, 0.4, 0.005, 'regression') : 20.883959226490497
(150, 1, 8, 75, 14, 1, 1, 0.0, 0.0005, 'regression') : 20.907326450486067
(150, 1, 32, 75, 14, 1, 1, 0.2, 0.005, 'regression') : 20.908265022789838
(400, 1, 32, 75, 14, 1, 1, 0.0, 0.0005, 'regression') : 20.936344272381795
(100, 1, 32, 75, 14, 1, 1, 0.0, 0.0005, 'regression') : 20.93722186979155
(200, 1, 32, 75, 14, 1, 1, 0.0, 0.005, 'regression') : 20.97564242088306
(70, 1, 32, 75, 14, 1, 1, 0.2, 0.0005, 'regression') : 20.998562015132528
(150, 1, 32, 75, 14, 1, 1, 0.4, 0.0005, 'regression') : 21.085066857402918
(70, 1, 32, 75, 14, 1, 1, 0.0, 0.0005, 'regression') : 21.086950135298217
(100, 1, 32, 75, 14, 1, 1, 0.4, 0.0005, 'regression') : 21.10354648192324
(150, 1, 8, 75, 14, 1, 1, 0.0, 0.001, 'regression') : 21.168801354606614
(200, 1, 8, 75, 14, 1, 1, 0.4, 0.005, 'regression') : 21.233709076753932
(200, 1, 32, 75, 14, 1, 1, 0.2, 0.001, 'regression') : 21.264332972832683
(150, 1, 32, 75, 14, 1, 1, 0.0, 0.005, 'regression') : 21.285806245487063
(200, 1, 8, 75, 14, 1, 1, 0.2, 0.005, 'regression') : 21.356953113408668
(100, 1, 32, 75, 14, 1, 1, 0.4, 0.001, 'regression') : 21.409053817200935
(400, 1, 32, 75, 14, 1, 1, 0.4, 0.0005, 'regression') : 21.426659200277008
(100, 1, 8, 75, 14, 1, 1, 0.4, 0.001, 'regression') : 21.42815579400034
(70, 1, 32, 75, 14, 1, 1, 0.2, 0.005, 'regression') : 21.43182175842403
(100, 1, 8, 75, 14, 1, 1, 0.0, 0.005, 'regression') : 21.515836124057934
(400, 1, 32, 75, 14, 1, 1, 0.0, 0.001, 'regression') : 21.51764636121408
(400, 1, 8, 75, 14, 1, 1, 0.2, 0.005, 'regression') : 21.59704456183738
(200, 1, 32, 75, 14, 1, 1, 0.2, 0.0005, 'regression') : 21.708139342315246
(200, 1, 32, 75, 14, 1, 1, 0.0, 0.0005, 'regression') : 21.75951179020576
(200, 1, 32, 75, 14, 1, 1, 0.2, 0.005, 'regression') : 21.81777416867976
(400, 1, 8, 75, 14, 1, 1, 0.0, 0.005, 'regression') : 21.840291721064908
(150, 1, 8, 75, 14, 1, 1, 0.0, 0.005, 'regression') : 21.94569260509928
(200, 1, 32, 75, 14, 1, 1, 0.4, 0.005, 'regression') : 21.980691803980182
(70, 1, 32, 75, 14, 1, 1, 0.4, 0.005, 'regression') : 22.01781318842554
(100, 1, 32, 75, 14, 1, 1, 0.2, 0.001, 'regression') : 22.031133973960095
(100, 1, 8, 75, 14, 1, 1, 0.2, 0.005, 'regression') : 22.05137694761732
(100, 1, 32, 75, 14, 1, 1, 0.2, 0.005, 'regression') : 22.116196048902562
(100, 1, 8, 75, 14, 1, 1, 0.4, 0.005, 'regression') : 22.124728630118945
(400, 1, 32, 75, 14, 1, 1, 0.0, 0.005, 'regression') : 22.148854671805417
(100, 1, 32, 75, 14, 1, 1, 0.4, 0.005, 'regression') : 22.38658451522237
(400, 1, 32, 75, 14, 1, 1, 0.2, 0.005, 'regression') : 22.83144908470362
(100, 1, 32, 75, 14, 1, 1, 0.0, 0.005, 'regression') : 22.853732385398647
(70, 1, 8, 75, 14, 1, 1, 0.0, 0.005, 'regression') : 22.87212705115271
(150, 1, 8, 75, 14, 1, 1, 0.2, 0.005, 'regression') : 22.98628687185871
(70, 1, 8, 75, 14, 1, 1, 0.4, 0.005, 'regression') : 23.155280092188498
(400, 1, 8, 75, 14, 1, 1, 0.4, 0.005, 'regression') : 23.49325270173528
(400, 1, 32, 75, 14, 1, 1, 0.4, 0.005, 'regression') : 23.731100941433038
(150, 1, 8, 75, 14, 1, 1, 0.4, 0.005, 'regression') : 24.755739829550112
(70, 1, 8, 75, 14, 1, 1, 0.2, 0.005, 'regression') : 24.79815797476626
