Best Hyperparameter:(100, 1, 32, 75, 14, 1, 1, 0.2, 0.001, 'regression')

All Results:
(100, 1, 32, 75, 14, 1, 1, 0.2, 0.001, 'regression') : 17.732623972480884
(70, 1, 8, 75, 14, 1, 1, 0.0, 0.001, 'regression') : 17.918954599343852
(400, 1, 8, 75, 14, 1, 1, 0.4, 0.0005, 'regression') : 17.94193081607366
(150, 1, 32, 75, 14, 1, 1, 0.0, 0.001, 'regression') : 18.15563016463299
(100, 1, 8, 75, 14, 1, 1, 0.0, 0.0005, 'regression') : 18.233711977317228
(100, 1, 8, 75, 14, 1, 1, 0.2, 0.001, 'regression') : 18.247604686805992
(70, 1, 32, 75, 14, 1, 1, 0.2, 0.005, 'regression') : 18.276691936691073
(200, 1, 8, 75, 14, 1, 1, 0.0, 0.0005, 'regression') : 18.42620163952776
(70, 1, 32, 75, 14, 1, 1, 0.0, 0.001, 'regression') : 18.484439892796424
(400, 1, 8, 75, 14, 1, 1, 0.2, 0.0005, 'regression') : 18.509984818191327
(200, 1, 8, 75, 14, 1, 1, 0.4, 0.0005, 'regression') : 18.53057227163595
(100, 1, 8, 75, 14, 1, 1, 0.4, 0.0005, 'regression') : 18.553517127740875
(150, 1, 32, 75, 14, 1, 1, 0.2, 0.001, 'regression') : 18.56772540081687
(400, 1, 8, 75, 14, 1, 1, 0.0, 0.001, 'regression') : 18.673052736630748
(200, 1, 8, 75, 14, 1, 1, 0.0, 0.001, 'regression') : 18.77938186218529
(200, 1, 8, 75, 14, 1, 1, 0.4, 0.001, 'regression') : 18.81633988436581
(400, 1, 32, 75, 14, 1, 1, 0.2, 0.001, 'regression') : 18.825601170471437
(150, 1, 8, 75, 14, 1, 1, 0.2, 0.0005, 'regression') : 18.94655492278766
(70, 1, 32, 75, 14, 1, 1, 0.4, 0.005, 'regression') : 18.95225977020648
(100, 1, 8, 75, 14, 1, 1, 0.2, 0.0005, 'regression') : 19.015744867924056
(150, 1, 8, 75, 14, 1, 1, 0.4, 0.0005, 'regression') : 19.03347172007345
(400, 1, 32, 75, 14, 1, 1, 0.0, 0.005, 'regression') : 19.036198750292
(70, 1, 32, 75, 14, 1, 1, 0.0, 0.005, 'regression') : 19.06659974450628
(200, 1, 32, 75, 14, 1, 1, 0.4, 0.001, 'regression') : 19.078865229057023
(400, 1, 32, 75, 14, 1, 1, 0.4, 0.005, 'regression') : 19.079958611108783
(200, 1, 32, 75, 14, 1, 1, 0.0, 0.0005, 'regression') : 19.086424473675265
(70, 1, 32, 75, 14, 1, 1, 0.2, 0.0005, 'regression') : 19.172457656411176
(150, 1, 8, 75, 14, 1, 1, 0.2, 0.001, 'regression') : 19.201990501485657
(70, 1, 8, 75, 14, 1, 1, 0.0, 0.0005, 'regression') : 19.213269765387686
(100, 1, 32, 75, 14, 1, 1, 0.4, 0.005, 'regression') : 19.253410649172793
(400, 1, 8, 75, 14, 1, 1, 0.0, 0.0005, 'regression') : 19.286379962617662
(70, 1, 8, 75, 14, 1, 1, 0.2, 0.001, 'regression') : 19.318353071122708
(150, 1, 32, 75, 14, 1, 1, 0.4, 0.001, 'regression') : 19.325207348471196
(200, 1, 8, 75, 14, 1, 1, 0.2, 0.0005, 'regression') : 19.33345806264103
(70, 1, 32, 75, 14, 1, 1, 0.4, 0.001, 'regression') : 19.339296779746306
(200, 1, 32, 75, 14, 1, 1, 0.2, 0.0005, 'regression') : 19.3564292566624
(70, 1, 8, 75, 14, 1, 1, 0.2, 0.0005, 'regression') : 19.406065650024125
(400, 1, 32, 75, 14, 1, 1, 0.4, 0.001, 'regression') : 19.437470160297487
(100, 1, 32, 75, 14, 1, 1, 0.4, 0.0005, 'regression') : 19.437645603998043
(400, 1, 32, 75, 14, 1, 1, 0.0, 0.001, 'regression') : 19.48583564936647
(400, 1, 8, 75, 14, 1, 1, 0.2, 0.001, 'regression') : 19.486024437719614
(70, 1, 32, 75, 14, 1, 1, 0.4, 0.0005, 'regression') : 19.49678398438221
(70, 1, 8, 75, 14, 1, 1, 0.2, 0.005, 'regression') : 19.512940879530923
(200, 1, 32, 75, 14, 1, 1, 0.2, 0.005, 'regression') : 19.685255376236857
(100, 1, 32, 75, 14, 1, 1, 0.2, 0.0005, 'regression') : 19.715125726141828
(150, 1, 32, 75, 14, 1, 1, 0.0, 0.0005, 'regression') : 19.748220588931193
(100, 1, 8, 75, 14, 1, 1, 0.0, 0.001, 'regression') : 19.788917640783055
(70, 1, 32, 75, 14, 1, 1, 0.0, 0.0005, 'regression') : 19.82251614846188
(150, 1, 8, 75, 14, 1, 1, 0.2, 0.005, 'regression') : 19.937551349159378
(400, 1, 8, 75, 14, 1, 1, 0.4, 0.001, 'regression') : 19.977490566886946
(70, 1, 8, 75, 14, 1, 1, 0.4, 0.001, 'regression') : 20.08370967372428
(100, 1, 32, 75, 14, 1, 1, 0.0, 0.0005, 'regression') : 20.105196719895797
(150, 1, 8, 75, 14, 1, 1, 0.0, 0.0005, 'regression') : 20.131245200520276
(400, 1, 32, 75, 14, 1, 1, 0.4, 0.0005, 'regression') : 20.147873096789446
(150, 1, 32, 75, 14, 1, 1, 0.2, 0.0005, 'regression') : 20.173684954152897
(70, 1, 32, 75, 14, 1, 1, 0.2, 0.001, 'regression') : 20.210731315434863
(100, 1, 32, 75, 14, 1, 1, 0.4, 0.001, 'regression') : 20.304685908689127
(200, 1, 32, 75, 14, 1, 1, 0.4, 0.0005, 'regression') : 20.319220373650367
(150, 1, 8, 75, 14, 1, 1, 0.4, 0.001, 'regression') : 20.336301804858493
(400, 1, 32, 75, 14, 1, 1, 0.2, 0.0005, 'regression') : 20.347200493937045
(150, 1, 32, 75, 14, 1, 1, 0.4, 0.005, 'regression') : 20.415995877669644
(400, 1, 8, 75, 14, 1, 1, 0.0, 0.005, 'regression') : 20.503496436704605
(200, 1, 32, 75, 14, 1, 1, 0.2, 0.001, 'regression') : 20.552081182307596
(100, 1, 32, 75, 14, 1, 1, 0.0, 0.001, 'regression') : 20.57366455990352
(70, 1, 8, 75, 14, 1, 1, 0.4, 0.0005, 'regression') : 20.577853232374302
(400, 1, 32, 75, 14, 1, 1, 0.0, 0.0005, 'regression') : 20.608509628754813
(150, 1, 32, 75, 14, 1, 1, 0.0, 0.005, 'regression') : 20.754619724343335
(150, 1, 8, 75, 14, 1, 1, 0.0, 0.001, 'regression') : 20.842911200848555
(200, 1, 32, 75, 14, 1, 1, 0.0, 0.001, 'regression') : 20.90635661069738
(200, 1, 32, 75, 14, 1, 1, 0.0, 0.005, 'regression') : 20.929575943117516
(400, 1, 8, 75, 14, 1, 1, 0.2, 0.005, 'regression') : 21.031551538285633
(150, 1, 32, 75, 14, 1, 1, 0.4, 0.0005, 'regression') : 21.16647439034858
(100, 1, 32, 75, 14, 1, 1, 0.0, 0.005, 'regression') : 21.1962477418403
(200, 1, 8, 75, 14, 1, 1, 0.2, 0.001, 'regression') : 21.371600434835205
(150, 1, 8, 75, 14, 1, 1, 0.0, 0.005, 'regression') : 21.43217902573821
(150, 1, 32, 75, 14, 1, 1, 0.2, 0.005, 'regression') : 21.437638443827662
(200, 1, 8, 75, 14, 1, 1, 0.2, 0.005, 'regression') : 21.564034514573954
(100, 1, 8, 75, 14, 1, 1, 0.4, 0.005, 'regression') : 21.741986967505667
(400, 1, 32, 75, 14, 1, 1, 0.2, 0.005, 'regression') : 21.856300558670767
(200, 1, 32, 75, 14, 1, 1, 0.4, 0.005, 'regression') : 21.864983250009193
(100, 1, 32, 75, 14, 1, 1, 0.2, 0.005, 'regression') : 21.869709215742112
(150, 1, 8, 75, 14, 1, 1, 0.4, 0.005, 'regression') : 21.893242181947365
(400, 1, 8, 75, 14, 1, 1, 0.4, 0.005, 'regression') : 22.111762961752703
(70, 1, 8, 75, 14, 1, 1, 0.4, 0.005, 'regression') : 22.276597614090313
(100, 1, 8, 75, 14, 1, 1, 0.4, 0.001, 'regression') : 22.384055575410493
(70, 1, 8, 75, 14, 1, 1, 0.0, 0.005, 'regression') : 22.39959285608417
(100, 1, 8, 75, 14, 1, 1, 0.2, 0.005, 'regression') : 23.191290141027444
(100, 1, 8, 75, 14, 1, 1, 0.0, 0.005, 'regression') : 23.651547006222298
(200, 1, 8, 75, 14, 1, 1, 0.4, 0.005, 'regression') : 24.637660688376208
(200, 1, 8, 75, 14, 1, 1, 0.0, 0.005, 'regression') : 26.028108180556995
