Best Hyperparameter:(200, 1, 8, 75, 14, 1, 1, 0.2, 0.001, 'regression')

All Results:
(200, 1, 8, 75, 14, 1, 1, 0.2, 0.001, 'regression') : 16.434886399134207
(70, 1, 8, 75, 14, 1, 1, 0.4, 0.0005, 'regression') : 17.00608717127522
(70, 1, 32, 75, 14, 1, 1, 0.0, 0.001, 'regression') : 17.377355603096497
(200, 1, 8, 75, 14, 1, 1, 0.2, 0.0005, 'regression') : 17.387365264906883
(70, 1, 32, 75, 14, 1, 1, 0.4, 0.001, 'regression') : 17.451985547345377
(150, 1, 32, 75, 14, 1, 1, 0.2, 0.001, 'regression') : 17.49292630015507
(150, 1, 8, 75, 14, 1, 1, 0.4, 0.001, 'regression') : 17.727797862245485
(150, 1, 8, 75, 14, 1, 1, 0.2, 0.0005, 'regression') : 17.72846263280764
(200, 1, 32, 75, 14, 1, 1, 0.4, 0.001, 'regression') : 17.773561887867125
(200, 1, 8, 75, 14, 1, 1, 0.0, 0.001, 'regression') : 17.836341133353635
(100, 1, 32, 75, 14, 1, 1, 0.4, 0.005, 'regression') : 17.941732116226397
(150, 1, 8, 75, 14, 1, 1, 0.0, 0.0005, 'regression') : 17.970152752285927
(70, 1, 8, 75, 14, 1, 1, 0.2, 0.0005, 'regression') : 17.992237796763714
(400, 1, 32, 75, 14, 1, 1, 0.0, 0.001, 'regression') : 18.01399816178113
(150, 1, 32, 75, 14, 1, 1, 0.0, 0.0005, 'regression') : 18.06598028934807
(150, 1, 8, 75, 14, 1, 1, 0.0, 0.001, 'regression') : 18.092472044940187
(100, 1, 32, 75, 14, 1, 1, 0.2, 0.001, 'regression') : 18.185562867769544
(70, 1, 8, 75, 14, 1, 1, 0.2, 0.001, 'regression') : 18.18767524334439
(200, 1, 8, 75, 14, 1, 1, 0.0, 0.0005, 'regression') : 18.196722378435773
(200, 1, 32, 75, 14, 1, 1, 0.2, 0.005, 'regression') : 18.223583684892233
(100, 1, 8, 75, 14, 1, 1, 0.4, 0.0005, 'regression') : 18.256965332349985
(400, 1, 32, 75, 14, 1, 1, 0.2, 0.0005, 'regression') : 18.271389573790728
(150, 1, 32, 75, 14, 1, 1, 0.4, 0.001, 'regression') : 18.307393194026417
(400, 1, 32, 75, 14, 1, 1, 0.4, 0.0005, 'regression') : 18.32036849036212
(400, 1, 32, 75, 14, 1, 1, 0.4, 0.001, 'regression') : 18.327354065344235
(100, 1, 32, 75, 14, 1, 1, 0.2, 0.0005, 'regression') : 18.34290876868937
(150, 1, 32, 75, 14, 1, 1, 0.0, 0.001, 'regression') : 18.365851373873518
(70, 1, 32, 75, 14, 1, 1, 0.0, 0.0005, 'regression') : 18.518971348877656
(200, 1, 32, 75, 14, 1, 1, 0.0, 0.001, 'regression') : 18.530861314647773
(150, 1, 32, 75, 14, 1, 1, 0.2, 0.0005, 'regression') : 18.629909968963723
(100, 1, 32, 75, 14, 1, 1, 0.4, 0.001, 'regression') : 18.644767122786813
(70, 1, 32, 75, 14, 1, 1, 0.2, 0.001, 'regression') : 18.737533690172476
(200, 1, 32, 75, 14, 1, 1, 0.2, 0.0005, 'regression') : 18.763389353276228
(400, 1, 32, 75, 14, 1, 1, 0.2, 0.001, 'regression') : 18.764403840423576
(70, 1, 32, 75, 14, 1, 1, 0.2, 0.0005, 'regression') : 18.817176208342424
(400, 1, 8, 75, 14, 1, 1, 0.4, 0.001, 'regression') : 18.821018414218475
(400, 1, 8, 75, 14, 1, 1, 0.4, 0.0005, 'regression') : 18.854853370266625
(150, 1, 32, 75, 14, 1, 1, 0.0, 0.005, 'regression') : 18.872611387172462
(100, 1, 32, 75, 14, 1, 1, 0.4, 0.0005, 'regression') : 18.901910087928268
(100, 1, 32, 75, 14, 1, 1, 0.0, 0.005, 'regression') : 18.938124417724783
(400, 1, 8, 75, 14, 1, 1, 0.0, 0.0005, 'regression') : 18.97836954517558
(400, 1, 8, 75, 14, 1, 1, 0.2, 0.0005, 'regression') : 19.02414827972198
(400, 1, 32, 75, 14, 1, 1, 0.4, 0.005, 'regression') : 19.027801999852123
(100, 1, 8, 75, 14, 1, 1, 0.2, 0.001, 'regression') : 19.129927005118006
(150, 1, 32, 75, 14, 1, 1, 0.4, 0.0005, 'regression') : 19.134120785341114
(70, 1, 32, 75, 14, 1, 1, 0.4, 0.005, 'regression') : 19.156374014605777
(70, 1, 8, 75, 14, 1, 1, 0.0, 0.0005, 'regression') : 19.162050123403688
(100, 1, 8, 75, 14, 1, 1, 0.4, 0.001, 'regression') : 19.194037078183577
(200, 1, 32, 75, 14, 1, 1, 0.0, 0.0005, 'regression') : 19.28517662500705
(200, 1, 32, 75, 14, 1, 1, 0.2, 0.001, 'regression') : 19.290958415996027
(400, 1, 32, 75, 14, 1, 1, 0.0, 0.0005, 'regression') : 19.312264393142947
(70, 1, 32, 75, 14, 1, 1, 0.2, 0.005, 'regression') : 19.319240937440295
(100, 1, 32, 75, 14, 1, 1, 0.0, 0.0005, 'regression') : 19.334817578942484
(200, 1, 32, 75, 14, 1, 1, 0.4, 0.0005, 'regression') : 19.34178226968259
(150, 1, 32, 75, 14, 1, 1, 0.2, 0.005, 'regression') : 19.445881456309237
(400, 1, 8, 75, 14, 1, 1, 0.2, 0.001, 'regression') : 19.487509708448112
(150, 1, 8, 75, 14, 1, 1, 0.2, 0.001, 'regression') : 19.500581228712672
(200, 1, 8, 75, 14, 1, 1, 0.4, 0.001, 'regression') : 19.51225107973587
(70, 1, 32, 75, 14, 1, 1, 0.4, 0.0005, 'regression') : 19.519532941701662
(200, 1, 32, 75, 14, 1, 1, 0.4, 0.005, 'regression') : 19.532184217047597
(400, 1, 8, 75, 14, 1, 1, 0.0, 0.001, 'regression') : 19.581309155809667
(70, 1, 8, 75, 14, 1, 1, 0.0, 0.001, 'regression') : 19.6235517864386
(100, 1, 32, 75, 14, 1, 1, 0.0, 0.001, 'regression') : 19.64032488756552
(150, 1, 8, 75, 14, 1, 1, 0.4, 0.005, 'regression') : 19.708706929272953
(150, 1, 32, 75, 14, 1, 1, 0.4, 0.005, 'regression') : 19.755320084195397
(200, 1, 32, 75, 14, 1, 1, 0.0, 0.005, 'regression') : 19.869202530478013
(100, 1, 8, 75, 14, 1, 1, 0.2, 0.0005, 'regression') : 19.891967361668755
(400, 1, 32, 75, 14, 1, 1, 0.2, 0.005, 'regression') : 20.03606466736014
(200, 1, 8, 75, 14, 1, 1, 0.2, 0.005, 'regression') : 20.129631994270518
(100, 1, 32, 75, 14, 1, 1, 0.2, 0.005, 'regression') : 20.23277703631793
(200, 1, 8, 75, 14, 1, 1, 0.0, 0.005, 'regression') : 20.315858174153213
(150, 1, 8, 75, 14, 1, 1, 0.4, 0.0005, 'regression') : 20.321327893782822
(100, 1, 8, 75, 14, 1, 1, 0.0, 0.0005, 'regression') : 20.344886987901077
(400, 1, 32, 75, 14, 1, 1, 0.0, 0.005, 'regression') : 20.397452093770546
(100, 1, 8, 75, 14, 1, 1, 0.0, 0.001, 'regression') : 20.499191975444116
(70, 1, 32, 75, 14, 1, 1, 0.0, 0.005, 'regression') : 20.558956325453593
(70, 1, 8, 75, 14, 1, 1, 0.4, 0.001, 'regression') : 20.75085423404761
(200, 1, 8, 75, 14, 1, 1, 0.4, 0.0005, 'regression') : 20.837562174996272
(400, 1, 8, 75, 14, 1, 1, 0.2, 0.005, 'regression') : 20.899896329937075
(100, 1, 8, 75, 14, 1, 1, 0.4, 0.005, 'regression') : 20.918139578435998
(70, 1, 8, 75, 14, 1, 1, 0.2, 0.005, 'regression') : 21.384185677810898
(70, 1, 8, 75, 14, 1, 1, 0.0, 0.005, 'regression') : 21.457691635290253
(70, 1, 8, 75, 14, 1, 1, 0.4, 0.005, 'regression') : 21.667028542239308
(400, 1, 8, 75, 14, 1, 1, 0.4, 0.005, 'regression') : 21.72789298098069
(200, 1, 8, 75, 14, 1, 1, 0.4, 0.005, 'regression') : 21.777224806073
(150, 1, 8, 75, 14, 1, 1, 0.0, 0.005, 'regression') : 22.106224154700122
(400, 1, 8, 75, 14, 1, 1, 0.0, 0.005, 'regression') : 22.729736388973155
(100, 1, 8, 75, 14, 1, 1, 0.2, 0.005, 'regression') : 22.8276802143903
(150, 1, 8, 75, 14, 1, 1, 0.2, 0.005, 'regression') : 23.210101680095697
(100, 1, 8, 75, 14, 1, 1, 0.0, 0.005, 'regression') : 23.313750222747938
