Best Hyperparameter:(150, 1, 8, 75, 14, 1, 1, 0.0, 0.001, 'regression')

All Results:
(150, 1, 8, 75, 14, 1, 1, 0.0, 0.001, 'regression') : 16.061946590906796
(70, 1, 8, 75, 14, 1, 1, 0.4, 0.0005, 'regression') : 16.591854665400838
(400, 1, 32, 75, 14, 1, 1, 0.4, 0.001, 'regression') : 16.606155758625494
(400, 1, 8, 75, 14, 1, 1, 0.2, 0.001, 'regression') : 16.73861558499218
(150, 1, 8, 75, 14, 1, 1, 0.2, 0.0005, 'regression') : 16.789765206937606
(200, 1, 8, 75, 14, 1, 1, 0.2, 0.001, 'regression') : 16.81954811493928
(200, 1, 8, 75, 14, 1, 1, 0.4, 0.0005, 'regression') : 17.18866403790958
(150, 1, 32, 75, 14, 1, 1, 0.0, 0.001, 'regression') : 17.220335481751924
(400, 1, 8, 75, 14, 1, 1, 0.2, 0.0005, 'regression') : 17.287588518443435
(100, 1, 8, 75, 14, 1, 1, 0.2, 0.0005, 'regression') : 17.28971826608961
(100, 1, 8, 75, 14, 1, 1, 0.4, 0.0005, 'regression') : 17.31252822676641
(70, 1, 8, 75, 14, 1, 1, 0.0, 0.001, 'regression') : 17.36182760482065
(400, 1, 32, 75, 14, 1, 1, 0.0, 0.001, 'regression') : 17.44930632975712
(70, 1, 8, 75, 14, 1, 1, 0.4, 0.001, 'regression') : 17.50353263089153
(100, 1, 8, 75, 14, 1, 1, 0.2, 0.001, 'regression') : 17.5038237926381
(150, 1, 32, 75, 14, 1, 1, 0.4, 0.001, 'regression') : 17.551365351379705
(200, 1, 32, 75, 14, 1, 1, 0.0, 0.001, 'regression') : 17.62637603074281
(400, 1, 8, 75, 14, 1, 1, 0.4, 0.001, 'regression') : 17.628732935451193
(150, 1, 8, 75, 14, 1, 1, 0.0, 0.0005, 'regression') : 17.70584916570598
(200, 1, 32, 75, 14, 1, 1, 0.4, 0.001, 'regression') : 17.846042100456714
(150, 1, 32, 75, 14, 1, 1, 0.4, 0.005, 'regression') : 17.86046495580581
(400, 1, 8, 75, 14, 1, 1, 0.0, 0.0005, 'regression') : 17.92728390908248
(70, 1, 8, 75, 14, 1, 1, 0.2, 0.0005, 'regression') : 17.928796735320237
(100, 1, 32, 75, 14, 1, 1, 0.0, 0.005, 'regression') : 18.01007044683318
(200, 1, 8, 75, 14, 1, 1, 0.0, 0.001, 'regression') : 18.056663037328725
(70, 1, 32, 75, 14, 1, 1, 0.4, 0.001, 'regression') : 18.31559614101098
(200, 1, 32, 75, 14, 1, 1, 0.0, 0.005, 'regression') : 18.326118895752543
(70, 1, 32, 75, 14, 1, 1, 0.4, 0.005, 'regression') : 18.395035074852082
(200, 1, 8, 75, 14, 1, 1, 0.4, 0.001, 'regression') : 18.420564247193003
(400, 1, 32, 75, 14, 1, 1, 0.2, 0.001, 'regression') : 18.428306287642588
(100, 1, 32, 75, 14, 1, 1, 0.4, 0.001, 'regression') : 18.508127708374474
(100, 1, 8, 75, 14, 1, 1, 0.0, 0.0005, 'regression') : 18.534219983902936
(70, 1, 32, 75, 14, 1, 1, 0.0, 0.001, 'regression') : 18.54981993435643
(200, 1, 32, 75, 14, 1, 1, 0.2, 0.001, 'regression') : 18.56600154303316
(400, 1, 8, 75, 14, 1, 1, 0.0, 0.001, 'regression') : 18.61108083067478
(200, 1, 8, 75, 14, 1, 1, 0.0, 0.0005, 'regression') : 18.627583105927204
(400, 1, 8, 75, 14, 1, 1, 0.4, 0.0005, 'regression') : 18.642127483331006
(150, 1, 32, 75, 14, 1, 1, 0.0, 0.005, 'regression') : 18.672129419334794
(150, 1, 32, 75, 14, 1, 1, 0.2, 0.001, 'regression') : 18.69009962078806
(70, 1, 32, 75, 14, 1, 1, 0.2, 0.001, 'regression') : 18.705703086900648
(100, 1, 32, 75, 14, 1, 1, 0.0, 0.001, 'regression') : 18.712684868852048
(150, 1, 8, 75, 14, 1, 1, 0.2, 0.001, 'regression') : 18.716880289738896
(100, 1, 8, 75, 14, 1, 1, 0.0, 0.005, 'regression') : 18.841393443285277
(100, 1, 32, 75, 14, 1, 1, 0.2, 0.001, 'regression') : 18.871590502119226
(150, 1, 8, 75, 14, 1, 1, 0.4, 0.0005, 'regression') : 18.898963857414167
(100, 1, 8, 75, 14, 1, 1, 0.4, 0.001, 'regression') : 18.90380182378606
(100, 1, 32, 75, 14, 1, 1, 0.2, 0.005, 'regression') : 18.923886384187664
(150, 1, 32, 75, 14, 1, 1, 0.4, 0.0005, 'regression') : 18.967986622538128
(200, 1, 8, 75, 14, 1, 1, 0.2, 0.005, 'regression') : 19.085789342490326
(70, 1, 32, 75, 14, 1, 1, 0.0, 0.005, 'regression') : 19.08834937831474
(400, 1, 32, 75, 14, 1, 1, 0.4, 0.005, 'regression') : 19.110588871152558
(100, 1, 8, 75, 14, 1, 1, 0.0, 0.001, 'regression') : 19.15942854264789
(150, 1, 32, 75, 14, 1, 1, 0.0, 0.0005, 'regression') : 19.245080946172862
(70, 1, 8, 75, 14, 1, 1, 0.0, 0.0005, 'regression') : 19.287358592784518
(150, 1, 8, 75, 14, 1, 1, 0.0, 0.005, 'regression') : 19.38499303914951
(400, 1, 32, 75, 14, 1, 1, 0.4, 0.0005, 'regression') : 19.43148895588979
(200, 1, 8, 75, 14, 1, 1, 0.2, 0.0005, 'regression') : 19.461424497250682
(150, 1, 8, 75, 14, 1, 1, 0.4, 0.001, 'regression') : 19.502942595341136
(70, 1, 32, 75, 14, 1, 1, 0.2, 0.0005, 'regression') : 19.503096707809924
(400, 1, 32, 75, 14, 1, 1, 0.0, 0.0005, 'regression') : 19.561495461607397
(100, 1, 32, 75, 14, 1, 1, 0.4, 0.0005, 'regression') : 19.63042363736775
(200, 1, 32, 75, 14, 1, 1, 0.0, 0.0005, 'regression') : 19.716968143013656
(400, 1, 8, 75, 14, 1, 1, 0.0, 0.005, 'regression') : 19.73364493054621
(70, 1, 32, 75, 14, 1, 1, 0.4, 0.0005, 'regression') : 19.748059219883306
(400, 1, 32, 75, 14, 1, 1, 0.2, 0.005, 'regression') : 19.847890647712603
(150, 1, 32, 75, 14, 1, 1, 0.2, 0.005, 'regression') : 19.915127880113285
(200, 1, 32, 75, 14, 1, 1, 0.2, 0.0005, 'regression') : 19.930982876923416
(150, 1, 8, 75, 14, 1, 1, 0.2, 0.005, 'regression') : 19.932575503186833
(400, 1, 32, 75, 14, 1, 1, 0.0, 0.005, 'regression') : 19.94143708227802
(200, 1, 32, 75, 14, 1, 1, 0.4, 0.0005, 'regression') : 19.977409634517727
(70, 1, 8, 75, 14, 1, 1, 0.4, 0.005, 'regression') : 20.07219161824262
(70, 1, 8, 75, 14, 1, 1, 0.0, 0.005, 'regression') : 20.10740002209811
(400, 1, 8, 75, 14, 1, 1, 0.4, 0.005, 'regression') : 20.11183275541448
(70, 1, 32, 75, 14, 1, 1, 0.2, 0.005, 'regression') : 20.144836965336122
(70, 1, 8, 75, 14, 1, 1, 0.2, 0.001, 'regression') : 20.297651992403047
(100, 1, 32, 75, 14, 1, 1, 0.0, 0.0005, 'regression') : 20.347165792571595
(70, 1, 8, 75, 14, 1, 1, 0.2, 0.005, 'regression') : 20.4542636648685
(100, 1, 8, 75, 14, 1, 1, 0.4, 0.005, 'regression') : 20.486692150632837
(200, 1, 8, 75, 14, 1, 1, 0.4, 0.005, 'regression') : 20.631429321632833
(100, 1, 32, 75, 14, 1, 1, 0.2, 0.0005, 'regression') : 20.824613661684147
(100, 1, 8, 75, 14, 1, 1, 0.2, 0.005, 'regression') : 21.015804736929987
(200, 1, 32, 75, 14, 1, 1, 0.4, 0.005, 'regression') : 21.056360758918053
(400, 1, 32, 75, 14, 1, 1, 0.2, 0.0005, 'regression') : 21.11358823044798
(200, 1, 32, 75, 14, 1, 1, 0.2, 0.005, 'regression') : 21.147467777120397
(400, 1, 8, 75, 14, 1, 1, 0.2, 0.005, 'regression') : 21.227456442008958
(100, 1, 32, 75, 14, 1, 1, 0.4, 0.005, 'regression') : 21.261658493148804
(150, 1, 32, 75, 14, 1, 1, 0.2, 0.0005, 'regression') : 21.299815440424865
(70, 1, 32, 75, 14, 1, 1, 0.0, 0.0005, 'regression') : 21.494993907601277
(150, 1, 8, 75, 14, 1, 1, 0.4, 0.005, 'regression') : 22.1226125993387
(200, 1, 8, 75, 14, 1, 1, 0.0, 0.005, 'regression') : 22.15055513922301
