Best Hyperparameter:(70, 1, 8, 75, 14, 1, 1, 0.2, 0.0005, 'regression')

All Results:
(70, 1, 8, 75, 14, 1, 1, 0.2, 0.0005, 'regression') : 15.216817457708277
(100, 1, 8, 75, 14, 1, 1, 0.0, 0.0005, 'regression') : 15.272280655057767
(200, 1, 8, 75, 14, 1, 1, 0.0, 0.0005, 'regression') : 15.809875475422649
(70, 1, 32, 75, 14, 1, 1, 0.4, 0.001, 'regression') : 15.851794638974813
(70, 1, 8, 75, 14, 1, 1, 0.4, 0.0005, 'regression') : 15.907780456638111
(400, 1, 8, 75, 14, 1, 1, 0.4, 0.0005, 'regression') : 15.90997657051616
(70, 1, 8, 75, 14, 1, 1, 0.4, 0.001, 'regression') : 16.1536548438766
(400, 1, 8, 75, 14, 1, 1, 0.0, 0.0005, 'regression') : 16.16753141466668
(150, 1, 8, 75, 14, 1, 1, 0.4, 0.001, 'regression') : 16.217441863603177
(200, 1, 8, 75, 14, 1, 1, 0.4, 0.0005, 'regression') : 16.252788803188114
(200, 1, 8, 75, 14, 1, 1, 0.0, 0.001, 'regression') : 16.285765775099108
(70, 1, 8, 75, 14, 1, 1, 0.0, 0.0005, 'regression') : 16.312234210782787
(100, 1, 8, 75, 14, 1, 1, 0.4, 0.0005, 'regression') : 16.33649697126927
(150, 1, 32, 75, 14, 1, 1, 0.4, 0.001, 'regression') : 16.33962906687248
(150, 1, 8, 75, 14, 1, 1, 0.0, 0.001, 'regression') : 16.34761830151578
(150, 1, 8, 75, 14, 1, 1, 0.4, 0.0005, 'regression') : 16.43966720787366
(100, 1, 32, 75, 14, 1, 1, 0.2, 0.001, 'regression') : 16.476202940190177
(400, 1, 8, 75, 14, 1, 1, 0.2, 0.0005, 'regression') : 16.546693988747702
(100, 1, 8, 75, 14, 1, 1, 0.2, 0.001, 'regression') : 16.559141307354924
(70, 1, 32, 75, 14, 1, 1, 0.2, 0.001, 'regression') : 16.599303703096872
(100, 1, 8, 75, 14, 1, 1, 0.2, 0.0005, 'regression') : 16.606665058859466
(400, 1, 32, 75, 14, 1, 1, 0.0, 0.001, 'regression') : 16.618596484724613
(200, 1, 32, 75, 14, 1, 1, 0.0, 0.001, 'regression') : 16.63746445963992
(150, 1, 8, 75, 14, 1, 1, 0.2, 0.001, 'regression') : 16.69490520441847
(150, 1, 8, 75, 14, 1, 1, 0.2, 0.0005, 'regression') : 16.79429319480507
(200, 1, 32, 75, 14, 1, 1, 0.2, 0.001, 'regression') : 16.817346771265857
(150, 1, 32, 75, 14, 1, 1, 0.2, 0.001, 'regression') : 16.855739785489753
(70, 1, 8, 75, 14, 1, 1, 0.2, 0.001, 'regression') : 16.872474570403817
(100, 1, 8, 75, 14, 1, 1, 0.0, 0.001, 'regression') : 16.894888102986904
(400, 1, 8, 75, 14, 1, 1, 0.0, 0.001, 'regression') : 16.917035566404124
(150, 1, 8, 75, 14, 1, 1, 0.0, 0.0005, 'regression') : 16.954996463000374
(100, 1, 32, 75, 14, 1, 1, 0.0, 0.001, 'regression') : 17.000989383415668
(400, 1, 32, 75, 14, 1, 1, 0.4, 0.001, 'regression') : 17.071340746265033
(150, 1, 32, 75, 14, 1, 1, 0.4, 0.005, 'regression') : 17.090313890082996
(200, 1, 8, 75, 14, 1, 1, 0.2, 0.0005, 'regression') : 17.111201708350485
(400, 1, 32, 75, 14, 1, 1, 0.4, 0.005, 'regression') : 17.154962255473063
(100, 1, 8, 75, 14, 1, 1, 0.4, 0.001, 'regression') : 17.163396159731533
(70, 1, 32, 75, 14, 1, 1, 0.0, 0.001, 'regression') : 17.228503358238484
(100, 1, 32, 75, 14, 1, 1, 0.4, 0.001, 'regression') : 17.295309647248025
(200, 1, 8, 75, 14, 1, 1, 0.4, 0.001, 'regression') : 17.390442165279786
(150, 1, 32, 75, 14, 1, 1, 0.0, 0.001, 'regression') : 17.44767998071335
(400, 1, 8, 75, 14, 1, 1, 0.2, 0.001, 'regression') : 17.526654372735187
(400, 1, 8, 75, 14, 1, 1, 0.4, 0.001, 'regression') : 17.55233271958195
(200, 1, 32, 75, 14, 1, 1, 0.4, 0.001, 'regression') : 17.573028648233898
(100, 1, 32, 75, 14, 1, 1, 0.4, 0.0005, 'regression') : 17.616240030560743
(100, 1, 32, 75, 14, 1, 1, 0.2, 0.005, 'regression') : 17.632225346428825
(150, 1, 32, 75, 14, 1, 1, 0.0, 0.005, 'regression') : 17.63781063399106
(150, 1, 32, 75, 14, 1, 1, 0.4, 0.0005, 'regression') : 17.64790891283999
(150, 1, 32, 75, 14, 1, 1, 0.2, 0.0005, 'regression') : 17.713965527352347
(200, 1, 8, 75, 14, 1, 1, 0.2, 0.001, 'regression') : 17.803556634572224
(400, 1, 32, 75, 14, 1, 1, 0.2, 0.001, 'regression') : 17.80975081878497
(400, 1, 32, 75, 14, 1, 1, 0.2, 0.0005, 'regression') : 17.81180637551118
(70, 1, 8, 75, 14, 1, 1, 0.0, 0.001, 'regression') : 17.971935861085072
(100, 1, 32, 75, 14, 1, 1, 0.0, 0.0005, 'regression') : 17.999793326622694
(70, 1, 32, 75, 14, 1, 1, 0.4, 0.0005, 'regression') : 18.014845732676196
(70, 1, 8, 75, 14, 1, 1, 0.0, 0.005, 'regression') : 18.06983236110133
(150, 1, 32, 75, 14, 1, 1, 0.2, 0.005, 'regression') : 18.085917426220714
(70, 1, 32, 75, 14, 1, 1, 0.0, 0.005, 'regression') : 18.100186783109486
(150, 1, 8, 75, 14, 1, 1, 0.2, 0.005, 'regression') : 18.14151041831108
(400, 1, 32, 75, 14, 1, 1, 0.4, 0.0005, 'regression') : 18.165234900316385
(70, 1, 32, 75, 14, 1, 1, 0.0, 0.0005, 'regression') : 18.183170110424488
(150, 1, 32, 75, 14, 1, 1, 0.0, 0.0005, 'regression') : 18.21419874463519
(200, 1, 8, 75, 14, 1, 1, 0.0, 0.005, 'regression') : 18.222321483881455
(70, 1, 32, 75, 14, 1, 1, 0.4, 0.005, 'regression') : 18.239259317822448
(200, 1, 32, 75, 14, 1, 1, 0.4, 0.0005, 'regression') : 18.325062897970742
(70, 1, 32, 75, 14, 1, 1, 0.2, 0.0005, 'regression') : 18.358331411126173
(200, 1, 32, 75, 14, 1, 1, 0.2, 0.0005, 'regression') : 18.42568583786182
(200, 1, 32, 75, 14, 1, 1, 0.0, 0.005, 'regression') : 18.526657213632916
(200, 1, 32, 75, 14, 1, 1, 0.0, 0.0005, 'regression') : 18.554075465265907
(400, 1, 32, 75, 14, 1, 1, 0.0, 0.0005, 'regression') : 18.58904415099825
(100, 1, 8, 75, 14, 1, 1, 0.2, 0.005, 'regression') : 18.59152340386413
(70, 1, 32, 75, 14, 1, 1, 0.2, 0.005, 'regression') : 18.599455926172137
(100, 1, 32, 75, 14, 1, 1, 0.4, 0.005, 'regression') : 18.600862055649085
(100, 1, 32, 75, 14, 1, 1, 0.2, 0.0005, 'regression') : 18.667948599609467
(400, 1, 32, 75, 14, 1, 1, 0.0, 0.005, 'regression') : 18.678494638973312
(150, 1, 8, 75, 14, 1, 1, 0.4, 0.005, 'regression') : 18.68874976498789
(100, 1, 8, 75, 14, 1, 1, 0.0, 0.005, 'regression') : 18.82157203697429
(200, 1, 32, 75, 14, 1, 1, 0.2, 0.005, 'regression') : 18.881493642016352
(200, 1, 32, 75, 14, 1, 1, 0.4, 0.005, 'regression') : 19.125562530155644
(200, 1, 8, 75, 14, 1, 1, 0.2, 0.005, 'regression') : 19.306062973648018
(100, 1, 32, 75, 14, 1, 1, 0.0, 0.005, 'regression') : 19.431589425175574
(70, 1, 8, 75, 14, 1, 1, 0.4, 0.005, 'regression') : 19.542636799175302
(70, 1, 8, 75, 14, 1, 1, 0.2, 0.005, 'regression') : 19.599396695965876
(400, 1, 32, 75, 14, 1, 1, 0.2, 0.005, 'regression') : 20.086098532559607
(400, 1, 8, 75, 14, 1, 1, 0.2, 0.005, 'regression') : 20.139966784100203
(400, 1, 8, 75, 14, 1, 1, 0.0, 0.005, 'regression') : 20.324904882726262
(400, 1, 8, 75, 14, 1, 1, 0.4, 0.005, 'regression') : 20.495389916719674
(150, 1, 8, 75, 14, 1, 1, 0.0, 0.005, 'regression') : 20.596967564419774
(200, 1, 8, 75, 14, 1, 1, 0.4, 0.005, 'regression') : 21.23300088120444
(100, 1, 8, 75, 14, 1, 1, 0.4, 0.005, 'regression') : 21.693673705517025
