Best Hyperparameter:(70, 1, 8, 75, 14, 1, 1, 0.2, 0.001, 'regression')

All Results:
(70, 1, 8, 75, 14, 1, 1, 0.2, 0.001, 'regression') : 8.289885198361313
(400, 1, 8, 75, 14, 1, 1, 0.0, 0.001, 'regression') : 8.292517883326434
(70, 1, 8, 75, 14, 1, 1, 0.0, 0.001, 'regression') : 8.67935781610746
(400, 1, 8, 75, 14, 1, 1, 0.4, 0.0005, 'regression') : 8.800617466594003
(150, 1, 8, 75, 14, 1, 1, 0.2, 0.001, 'regression') : 8.813212907785386
(200, 1, 8, 75, 14, 1, 1, 0.0, 0.001, 'regression') : 9.289781651269607
(400, 1, 8, 75, 14, 1, 1, 0.4, 0.001, 'regression') : 9.63246449428352
(400, 1, 8, 75, 14, 1, 1, 0.2, 0.001, 'regression') : 9.690842410128349
(100, 1, 8, 75, 14, 1, 1, 0.2, 0.001, 'regression') : 9.715720010524787
(100, 1, 8, 75, 14, 1, 1, 0.4, 0.0005, 'regression') : 9.759405145057682
(150, 1, 8, 75, 14, 1, 1, 0.0, 0.0005, 'regression') : 9.761202733182767
(200, 1, 8, 75, 14, 1, 1, 0.4, 0.0005, 'regression') : 9.77887054436241
(150, 1, 8, 75, 14, 1, 1, 0.0, 0.001, 'regression') : 9.808439017170716
(150, 1, 8, 75, 14, 1, 1, 0.4, 0.0005, 'regression') : 9.978341168443334
(150, 1, 8, 75, 14, 1, 1, 0.2, 0.0005, 'regression') : 10.00942987480849
(200, 1, 8, 75, 14, 1, 1, 0.2, 0.0005, 'regression') : 10.048650072780646
(400, 1, 8, 75, 14, 1, 1, 0.2, 0.0005, 'regression') : 10.118645689419115
(100, 1, 8, 75, 14, 1, 1, 0.2, 0.0005, 'regression') : 10.137183496548902
(400, 1, 8, 75, 14, 1, 1, 0.0, 0.0005, 'regression') : 10.159644300117257
(200, 1, 8, 75, 14, 1, 1, 0.4, 0.001, 'regression') : 10.16678125035109
(70, 1, 8, 75, 14, 1, 1, 0.2, 0.0005, 'regression') : 10.33245085178396
(200, 1, 8, 75, 14, 1, 1, 0.2, 0.001, 'regression') : 10.339918610381607
(200, 1, 8, 75, 14, 1, 1, 0.2, 0.005, 'regression') : 10.39154245748075
(100, 1, 8, 75, 14, 1, 1, 0.0, 0.001, 'regression') : 10.493145660383188
(100, 1, 8, 75, 14, 1, 1, 0.0, 0.0005, 'regression') : 10.529037334974905
(150, 1, 8, 75, 14, 1, 1, 0.4, 0.001, 'regression') : 10.58168426287354
(100, 1, 8, 75, 14, 1, 1, 0.4, 0.001, 'regression') : 10.590781693968516
(70, 1, 8, 75, 14, 1, 1, 0.0, 0.0005, 'regression') : 10.750961335199264
(150, 1, 8, 75, 14, 1, 1, 0.2, 0.005, 'regression') : 11.04489845590359
(100, 1, 8, 75, 14, 1, 1, 0.0, 0.005, 'regression') : 11.07273358765884
(150, 1, 8, 75, 14, 1, 1, 0.0, 0.005, 'regression') : 11.16664395177781
(70, 1, 32, 75, 14, 1, 1, 0.2, 0.001, 'regression') : 11.284378919163862
(200, 1, 8, 75, 14, 1, 1, 0.0, 0.0005, 'regression') : 11.30117100782133
(70, 1, 8, 75, 14, 1, 1, 0.4, 0.001, 'regression') : 11.343658074149499
(70, 1, 8, 75, 14, 1, 1, 0.4, 0.0005, 'regression') : 11.382594545669
(400, 1, 8, 75, 14, 1, 1, 0.0, 0.005, 'regression') : 11.522411727817618
(150, 1, 8, 75, 14, 1, 1, 0.4, 0.005, 'regression') : 11.717675882063748
(70, 1, 8, 75, 14, 1, 1, 0.4, 0.005, 'regression') : 12.041246917288976
(400, 1, 32, 75, 14, 1, 1, 0.2, 0.005, 'regression') : 12.157744871077966
(100, 1, 8, 75, 14, 1, 1, 0.4, 0.005, 'regression') : 12.168422423241934
(400, 1, 32, 75, 14, 1, 1, 0.2, 0.001, 'regression') : 12.202607733020951
(100, 1, 32, 75, 14, 1, 1, 0.2, 0.001, 'regression') : 12.21044657529445
(70, 1, 32, 75, 14, 1, 1, 0.0, 0.005, 'regression') : 12.315628743650567
(200, 1, 32, 75, 14, 1, 1, 0.2, 0.005, 'regression') : 12.43085739900848
(400, 1, 32, 75, 14, 1, 1, 0.0, 0.001, 'regression') : 12.51652002272392
(200, 1, 32, 75, 14, 1, 1, 0.4, 0.001, 'regression') : 12.632190585609303
(100, 1, 32, 75, 14, 1, 1, 0.0, 0.001, 'regression') : 12.675506941514167
(150, 1, 32, 75, 14, 1, 1, 0.0, 0.001, 'regression') : 12.909222328832783
(100, 1, 32, 75, 14, 1, 1, 0.4, 0.001, 'regression') : 12.981576850255621
(400, 1, 32, 75, 14, 1, 1, 0.4, 0.001, 'regression') : 13.13585385441875
(150, 1, 32, 75, 14, 1, 1, 0.2, 0.005, 'regression') : 13.22335313206403
(70, 1, 8, 75, 14, 1, 1, 0.2, 0.005, 'regression') : 13.280808156168058
(150, 1, 32, 75, 14, 1, 1, 0.2, 0.001, 'regression') : 13.326326594459792
(100, 1, 8, 75, 14, 1, 1, 0.2, 0.005, 'regression') : 13.515243257845038
(150, 1, 32, 75, 14, 1, 1, 0.4, 0.001, 'regression') : 13.568980588405603
(200, 1, 8, 75, 14, 1, 1, 0.0, 0.005, 'regression') : 13.773937693861171
(200, 1, 32, 75, 14, 1, 1, 0.2, 0.001, 'regression') : 14.195653013438228
(200, 1, 32, 75, 14, 1, 1, 0.0, 0.001, 'regression') : 14.222966173469686
(400, 1, 8, 75, 14, 1, 1, 0.2, 0.005, 'regression') : 14.267930205034691
(150, 1, 32, 75, 14, 1, 1, 0.4, 0.005, 'regression') : 14.272970275685918
(70, 1, 32, 75, 14, 1, 1, 0.0, 0.001, 'regression') : 14.335081424614497
(200, 1, 32, 75, 14, 1, 1, 0.0, 0.005, 'regression') : 14.39789942864578
(70, 1, 32, 75, 14, 1, 1, 0.4, 0.001, 'regression') : 14.602080212404735
(100, 1, 32, 75, 14, 1, 1, 0.2, 0.005, 'regression') : 14.60650169470733
(70, 1, 32, 75, 14, 1, 1, 0.2, 0.005, 'regression') : 14.6460002777218
(400, 1, 32, 75, 14, 1, 1, 0.4, 0.005, 'regression') : 14.925324518186056
(70, 1, 32, 75, 14, 1, 1, 0.4, 0.005, 'regression') : 15.05640741624164
(200, 1, 8, 75, 14, 1, 1, 0.4, 0.005, 'regression') : 15.096991219134372
(200, 1, 32, 75, 14, 1, 1, 0.4, 0.005, 'regression') : 15.165824463056557
(100, 1, 32, 75, 14, 1, 1, 0.4, 0.005, 'regression') : 16.09194910758776
(70, 1, 8, 75, 14, 1, 1, 0.0, 0.005, 'regression') : 16.615212943937294
(400, 1, 32, 75, 14, 1, 1, 0.0, 0.005, 'regression') : 17.337942146834155
(150, 1, 32, 75, 14, 1, 1, 0.0, 0.005, 'regression') : 17.4004599127202
(100, 1, 32, 75, 14, 1, 1, 0.0, 0.005, 'regression') : 18.42396279438227
(400, 1, 8, 75, 14, 1, 1, 0.4, 0.005, 'regression') : 19.416176372911462
(200, 1, 32, 75, 14, 1, 1, 0.2, 0.0005, 'regression') : 20.22334343227034
(200, 1, 32, 75, 14, 1, 1, 0.0, 0.0005, 'regression') : 20.29716767162386
(200, 1, 32, 75, 14, 1, 1, 0.4, 0.0005, 'regression') : 20.866485536707877
(150, 1, 32, 75, 14, 1, 1, 0.0, 0.0005, 'regression') : 20.9952243666829
(150, 1, 32, 75, 14, 1, 1, 0.4, 0.0005, 'regression') : 21.053637694375347
(100, 1, 32, 75, 14, 1, 1, 0.2, 0.0005, 'regression') : 21.39932745173368
(150, 1, 32, 75, 14, 1, 1, 0.2, 0.0005, 'regression') : 21.440356391007818
(400, 1, 32, 75, 14, 1, 1, 0.2, 0.0005, 'regression') : 21.536927522577724
(100, 1, 32, 75, 14, 1, 1, 0.4, 0.0005, 'regression') : 21.995358462103447
(70, 1, 32, 75, 14, 1, 1, 0.4, 0.0005, 'regression') : 22.06342115622648
(400, 1, 32, 75, 14, 1, 1, 0.0, 0.0005, 'regression') : 22.357624676665488
(100, 1, 32, 75, 14, 1, 1, 0.0, 0.0005, 'regression') : 22.434539818381317
(70, 1, 32, 75, 14, 1, 1, 0.2, 0.0005, 'regression') : 22.508804661439036
(400, 1, 32, 75, 14, 1, 1, 0.4, 0.0005, 'regression') : 22.66415166215723
(70, 1, 32, 75, 14, 1, 1, 0.0, 0.0005, 'regression') : 22.762405073901135
