Best Hyperparameter:(200, 1, 8, 75, 14, 1, 1, 0.4, 0.001, 'regression')

All Results:
(200, 1, 8, 75, 14, 1, 1, 0.4, 0.001, 'regression') : 8.450128130721065
(70, 1, 8, 75, 14, 1, 1, 0.0, 0.001, 'regression') : 8.739798629109861
(70, 1, 8, 75, 14, 1, 1, 0.4, 0.001, 'regression') : 9.346117961421635
(100, 1, 8, 75, 14, 1, 1, 0.2, 0.001, 'regression') : 9.363616636779998
(100, 1, 8, 75, 14, 1, 1, 0.0, 0.0005, 'regression') : 9.470078895780304
(200, 1, 8, 75, 14, 1, 1, 0.2, 0.001, 'regression') : 9.481567957762476
(70, 1, 8, 75, 14, 1, 1, 0.2, 0.001, 'regression') : 9.719625016179696
(70, 1, 32, 75, 14, 1, 1, 0.4, 0.001, 'regression') : 9.856922355684633
(100, 1, 8, 75, 14, 1, 1, 0.0, 0.001, 'regression') : 9.876925758134089
(200, 1, 8, 75, 14, 1, 1, 0.0, 0.0005, 'regression') : 9.921063150073504
(150, 1, 8, 75, 14, 1, 1, 0.2, 0.001, 'regression') : 9.96416812717488
(70, 1, 8, 75, 14, 1, 1, 0.2, 0.0005, 'regression') : 9.96429941336985
(150, 1, 8, 75, 14, 1, 1, 0.2, 0.0005, 'regression') : 9.97985249535211
(70, 1, 8, 75, 14, 1, 1, 0.0, 0.005, 'regression') : 10.07732578448303
(100, 1, 8, 75, 14, 1, 1, 0.2, 0.0005, 'regression') : 10.081942511068593
(200, 1, 8, 75, 14, 1, 1, 0.2, 0.0005, 'regression') : 10.230092521058674
(200, 1, 8, 75, 14, 1, 1, 0.4, 0.005, 'regression') : 10.380125202418503
(200, 1, 8, 75, 14, 1, 1, 0.4, 0.0005, 'regression') : 10.452273243314313
(100, 1, 8, 75, 14, 1, 1, 0.4, 0.0005, 'regression') : 10.482198878705958
(400, 1, 8, 75, 14, 1, 1, 0.0, 0.005, 'regression') : 10.50852545124941
(70, 1, 8, 75, 14, 1, 1, 0.0, 0.0005, 'regression') : 10.521509255361668
(400, 1, 8, 75, 14, 1, 1, 0.4, 0.001, 'regression') : 10.546586613341493
(200, 1, 8, 75, 14, 1, 1, 0.0, 0.001, 'regression') : 10.555800005624551
(100, 1, 8, 75, 14, 1, 1, 0.4, 0.001, 'regression') : 10.557496352013922
(400, 1, 8, 75, 14, 1, 1, 0.0, 0.0005, 'regression') : 10.563338893625625
(150, 1, 8, 75, 14, 1, 1, 0.4, 0.001, 'regression') : 10.584696583093177
(400, 1, 8, 75, 14, 1, 1, 0.4, 0.0005, 'regression') : 10.62201654445375
(150, 1, 8, 75, 14, 1, 1, 0.0, 0.001, 'regression') : 10.663072344858248
(400, 1, 8, 75, 14, 1, 1, 0.2, 0.001, 'regression') : 10.69361607528892
(400, 1, 32, 75, 14, 1, 1, 0.4, 0.001, 'regression') : 10.710524063327544
(400, 1, 8, 75, 14, 1, 1, 0.0, 0.001, 'regression') : 10.713052817136234
(400, 1, 32, 75, 14, 1, 1, 0.2, 0.001, 'regression') : 10.741869108381485
(150, 1, 8, 75, 14, 1, 1, 0.0, 0.0005, 'regression') : 10.770204562816236
(150, 1, 8, 75, 14, 1, 1, 0.4, 0.0005, 'regression') : 10.857611970412956
(100, 1, 32, 75, 14, 1, 1, 0.2, 0.001, 'regression') : 11.066968674098074
(200, 1, 8, 75, 14, 1, 1, 0.0, 0.005, 'regression') : 11.068165794742722
(100, 1, 8, 75, 14, 1, 1, 0.2, 0.005, 'regression') : 11.084009655984273
(150, 1, 8, 75, 14, 1, 1, 0.0, 0.005, 'regression') : 11.221801386948574
(200, 1, 32, 75, 14, 1, 1, 0.4, 0.001, 'regression') : 11.247721092480896
(70, 1, 32, 75, 14, 1, 1, 0.2, 0.001, 'regression') : 11.255287235278079
(150, 1, 8, 75, 14, 1, 1, 0.4, 0.005, 'regression') : 11.44088640975636
(400, 1, 8, 75, 14, 1, 1, 0.2, 0.0005, 'regression') : 11.507612682595951
(150, 1, 8, 75, 14, 1, 1, 0.2, 0.005, 'regression') : 11.606664294261181
(70, 1, 8, 75, 14, 1, 1, 0.2, 0.005, 'regression') : 11.79259200655498
(100, 1, 32, 75, 14, 1, 1, 0.0, 0.001, 'regression') : 12.152470835559052
(70, 1, 32, 75, 14, 1, 1, 0.0, 0.001, 'regression') : 12.17776672125876
(200, 1, 32, 75, 14, 1, 1, 0.2, 0.001, 'regression') : 12.210585594044968
(150, 1, 32, 75, 14, 1, 1, 0.0, 0.001, 'regression') : 12.402726540137015
(70, 1, 32, 75, 14, 1, 1, 0.4, 0.005, 'regression') : 12.466867694662948
(200, 1, 8, 75, 14, 1, 1, 0.2, 0.005, 'regression') : 12.685156286225162
(150, 1, 32, 75, 14, 1, 1, 0.4, 0.001, 'regression') : 12.788585170324819
(100, 1, 8, 75, 14, 1, 1, 0.0, 0.005, 'regression') : 12.882087408158014
(200, 1, 32, 75, 14, 1, 1, 0.0, 0.001, 'regression') : 12.884530180415263
(70, 1, 8, 75, 14, 1, 1, 0.4, 0.0005, 'regression') : 12.924161795967418
(70, 1, 32, 75, 14, 1, 1, 0.2, 0.005, 'regression') : 13.015905689255977
(400, 1, 32, 75, 14, 1, 1, 0.0, 0.001, 'regression') : 13.096946367203023
(70, 1, 8, 75, 14, 1, 1, 0.4, 0.005, 'regression') : 13.469119694271356
(150, 1, 32, 75, 14, 1, 1, 0.2, 0.005, 'regression') : 14.002825784090026
(400, 1, 8, 75, 14, 1, 1, 0.4, 0.005, 'regression') : 14.065679004200367
(400, 1, 8, 75, 14, 1, 1, 0.2, 0.005, 'regression') : 14.069641367224804
(400, 1, 32, 75, 14, 1, 1, 0.2, 0.005, 'regression') : 14.13851100097592
(150, 1, 32, 75, 14, 1, 1, 0.2, 0.001, 'regression') : 14.277836988289959
(100, 1, 32, 75, 14, 1, 1, 0.2, 0.005, 'regression') : 14.399673181233084
(150, 1, 32, 75, 14, 1, 1, 0.0, 0.005, 'regression') : 14.413492454348344
(100, 1, 32, 75, 14, 1, 1, 0.4, 0.001, 'regression') : 14.417918721414512
(200, 1, 32, 75, 14, 1, 1, 0.2, 0.005, 'regression') : 14.678583549123477
(70, 1, 32, 75, 14, 1, 1, 0.0, 0.005, 'regression') : 15.388194706202365
(200, 1, 32, 75, 14, 1, 1, 0.4, 0.005, 'regression') : 15.389822317876277
(100, 1, 32, 75, 14, 1, 1, 0.4, 0.005, 'regression') : 15.510187663242723
(150, 1, 32, 75, 14, 1, 1, 0.4, 0.005, 'regression') : 16.097433653829704
(200, 1, 32, 75, 14, 1, 1, 0.0, 0.005, 'regression') : 16.26899333097206
(400, 1, 32, 75, 14, 1, 1, 0.0, 0.005, 'regression') : 16.80365899623564
(100, 1, 32, 75, 14, 1, 1, 0.0, 0.005, 'regression') : 17.200073868418563
(400, 1, 32, 75, 14, 1, 1, 0.4, 0.005, 'regression') : 17.405667309072328
(100, 1, 8, 75, 14, 1, 1, 0.4, 0.005, 'regression') : 17.436681094776198
(200, 1, 32, 75, 14, 1, 1, 0.2, 0.0005, 'regression') : 19.318155926986
(400, 1, 32, 75, 14, 1, 1, 0.0, 0.0005, 'regression') : 20.098547516223327
(70, 1, 32, 75, 14, 1, 1, 0.4, 0.0005, 'regression') : 20.18663108341856
(70, 1, 32, 75, 14, 1, 1, 0.0, 0.0005, 'regression') : 20.710519631929007
(150, 1, 32, 75, 14, 1, 1, 0.4, 0.0005, 'regression') : 20.773069573915432
(100, 1, 32, 75, 14, 1, 1, 0.2, 0.0005, 'regression') : 20.81581429371663
(200, 1, 32, 75, 14, 1, 1, 0.0, 0.0005, 'regression') : 21.174794555270346
(400, 1, 32, 75, 14, 1, 1, 0.4, 0.0005, 'regression') : 21.442143521095055
(150, 1, 32, 75, 14, 1, 1, 0.2, 0.0005, 'regression') : 21.536648535352658
(100, 1, 32, 75, 14, 1, 1, 0.4, 0.0005, 'regression') : 21.75226356939919
(100, 1, 32, 75, 14, 1, 1, 0.0, 0.0005, 'regression') : 22.12698386582607
(150, 1, 32, 75, 14, 1, 1, 0.0, 0.0005, 'regression') : 22.19285227572142
(400, 1, 32, 75, 14, 1, 1, 0.2, 0.0005, 'regression') : 22.206271808049745
(70, 1, 32, 75, 14, 1, 1, 0.2, 0.0005, 'regression') : 22.253600666023026
(200, 1, 32, 75, 14, 1, 1, 0.4, 0.0005, 'regression') : 22.88624557572621
