Best Hyperparameter:(70, 1, 8, 75, 14, 1, 1, 0.4, 0.001, 'regression')

All Results:
(70, 1, 8, 75, 14, 1, 1, 0.4, 0.001, 'regression') : 6.474301893020728
(70, 1, 8, 75, 14, 1, 1, 0.0, 0.001, 'regression') : 7.135507603381806
(150, 1, 8, 75, 14, 1, 1, 0.4, 0.001, 'regression') : 7.322280015809779
(400, 1, 8, 75, 14, 1, 1, 0.2, 0.0005, 'regression') : 7.391940851148374
(150, 1, 8, 75, 14, 1, 1, 0.0, 0.0005, 'regression') : 7.589438539866251
(70, 1, 8, 75, 14, 1, 1, 0.2, 0.001, 'regression') : 7.654811054484982
(100, 1, 8, 75, 14, 1, 1, 0.4, 0.001, 'regression') : 7.747452043292756
(400, 1, 8, 75, 14, 1, 1, 0.0, 0.0005, 'regression') : 7.871473315618206
(200, 1, 8, 75, 14, 1, 1, 0.0, 0.0005, 'regression') : 7.914650411164563
(70, 1, 8, 75, 14, 1, 1, 0.0, 0.0005, 'regression') : 7.928071919301658
(150, 1, 8, 75, 14, 1, 1, 0.4, 0.0005, 'regression') : 8.103772897264605
(150, 1, 8, 75, 14, 1, 1, 0.0, 0.001, 'regression') : 8.35274959463646
(100, 1, 8, 75, 14, 1, 1, 0.0, 0.001, 'regression') : 8.363378126715876
(400, 1, 8, 75, 14, 1, 1, 0.0, 0.001, 'regression') : 8.380681693078643
(150, 1, 8, 75, 14, 1, 1, 0.2, 0.001, 'regression') : 8.518682264723353
(200, 1, 8, 75, 14, 1, 1, 0.4, 0.001, 'regression') : 8.525491817130419
(150, 1, 8, 75, 14, 1, 1, 0.2, 0.0005, 'regression') : 8.745131530352014
(400, 1, 8, 75, 14, 1, 1, 0.4, 0.0005, 'regression') : 8.89650442340463
(70, 1, 32, 75, 14, 1, 1, 0.4, 0.001, 'regression') : 8.917988349654934
(200, 1, 8, 75, 14, 1, 1, 0.2, 0.001, 'regression') : 8.920992622793904
(200, 1, 8, 75, 14, 1, 1, 0.2, 0.0005, 'regression') : 8.969695512777733
(200, 1, 8, 75, 14, 1, 1, 0.0, 0.001, 'regression') : 8.977213703943152
(200, 1, 8, 75, 14, 1, 1, 0.4, 0.0005, 'regression') : 9.024644275161851
(400, 1, 8, 75, 14, 1, 1, 0.2, 0.005, 'regression') : 9.051852303205335
(70, 1, 8, 75, 14, 1, 1, 0.2, 0.0005, 'regression') : 9.144149843335436
(70, 1, 8, 75, 14, 1, 1, 0.4, 0.0005, 'regression') : 9.173030422983448
(400, 1, 8, 75, 14, 1, 1, 0.2, 0.001, 'regression') : 9.244398720937841
(100, 1, 8, 75, 14, 1, 1, 0.2, 0.001, 'regression') : 9.26113276883099
(100, 1, 8, 75, 14, 1, 1, 0.0, 0.005, 'regression') : 9.371071352996216
(100, 1, 8, 75, 14, 1, 1, 0.0, 0.0005, 'regression') : 9.499109424369877
(70, 1, 8, 75, 14, 1, 1, 0.4, 0.005, 'regression') : 9.827863764975664
(400, 1, 8, 75, 14, 1, 1, 0.4, 0.001, 'regression') : 9.835563374095276
(100, 1, 32, 75, 14, 1, 1, 0.2, 0.001, 'regression') : 10.057800464898905
(100, 1, 8, 75, 14, 1, 1, 0.4, 0.0005, 'regression') : 10.07928294162113
(100, 1, 32, 75, 14, 1, 1, 0.0, 0.001, 'regression') : 10.081123078120148
(150, 1, 8, 75, 14, 1, 1, 0.2, 0.005, 'regression') : 10.197303077386985
(70, 1, 8, 75, 14, 1, 1, 0.0, 0.005, 'regression') : 10.300210721024303
(100, 1, 8, 75, 14, 1, 1, 0.2, 0.0005, 'regression') : 10.418817114033384
(400, 1, 8, 75, 14, 1, 1, 0.0, 0.005, 'regression') : 10.565859157095975
(100, 1, 8, 75, 14, 1, 1, 0.4, 0.005, 'regression') : 10.58837011963123
(200, 1, 8, 75, 14, 1, 1, 0.2, 0.005, 'regression') : 10.662068601382302
(70, 1, 32, 75, 14, 1, 1, 0.2, 0.001, 'regression') : 10.747507279032725
(400, 1, 32, 75, 14, 1, 1, 0.2, 0.001, 'regression') : 10.919334334786836
(150, 1, 32, 75, 14, 1, 1, 0.0, 0.001, 'regression') : 11.094863419335422
(150, 1, 32, 75, 14, 1, 1, 0.2, 0.005, 'regression') : 11.181661441138724
(400, 1, 8, 75, 14, 1, 1, 0.4, 0.005, 'regression') : 11.220725118939303
(200, 1, 32, 75, 14, 1, 1, 0.4, 0.001, 'regression') : 11.22655994481904
(200, 1, 32, 75, 14, 1, 1, 0.0, 0.005, 'regression') : 11.275284776800028
(150, 1, 8, 75, 14, 1, 1, 0.0, 0.005, 'regression') : 11.408359231077501
(150, 1, 32, 75, 14, 1, 1, 0.2, 0.001, 'regression') : 11.49448615464305
(200, 1, 32, 75, 14, 1, 1, 0.0, 0.001, 'regression') : 11.668395351089993
(100, 1, 32, 75, 14, 1, 1, 0.4, 0.005, 'regression') : 11.863455759886909
(200, 1, 32, 75, 14, 1, 1, 0.2, 0.001, 'regression') : 12.00997050906037
(70, 1, 32, 75, 14, 1, 1, 0.0, 0.001, 'regression') : 12.01953027779906
(200, 1, 8, 75, 14, 1, 1, 0.4, 0.005, 'regression') : 12.038496146435277
(400, 1, 32, 75, 14, 1, 1, 0.2, 0.005, 'regression') : 12.393965519466601
(400, 1, 32, 75, 14, 1, 1, 0.0, 0.001, 'regression') : 12.398862450054068
(400, 1, 32, 75, 14, 1, 1, 0.4, 0.001, 'regression') : 12.418667514159129
(200, 1, 8, 75, 14, 1, 1, 0.0, 0.005, 'regression') : 12.5633736257162
(70, 1, 32, 75, 14, 1, 1, 0.2, 0.005, 'regression') : 12.6139753283984
(400, 1, 32, 75, 14, 1, 1, 0.4, 0.005, 'regression') : 12.737828331360888
(150, 1, 32, 75, 14, 1, 1, 0.4, 0.001, 'regression') : 12.77030015180397
(150, 1, 32, 75, 14, 1, 1, 0.0, 0.005, 'regression') : 12.796598603039527
(400, 1, 32, 75, 14, 1, 1, 0.0, 0.005, 'regression') : 12.79749343983512
(100, 1, 8, 75, 14, 1, 1, 0.2, 0.005, 'regression') : 12.984190404964767
(150, 1, 32, 75, 14, 1, 1, 0.4, 0.005, 'regression') : 13.067251642037471
(200, 1, 32, 75, 14, 1, 1, 0.2, 0.005, 'regression') : 13.239934988209246
(100, 1, 32, 75, 14, 1, 1, 0.0, 0.005, 'regression') : 13.297519347744942
(200, 1, 32, 75, 14, 1, 1, 0.4, 0.005, 'regression') : 13.321634300715095
(100, 1, 32, 75, 14, 1, 1, 0.4, 0.001, 'regression') : 13.383215483000338
(150, 1, 8, 75, 14, 1, 1, 0.4, 0.005, 'regression') : 13.485941324324424
(100, 1, 32, 75, 14, 1, 1, 0.2, 0.005, 'regression') : 13.76250690047345
(70, 1, 8, 75, 14, 1, 1, 0.2, 0.005, 'regression') : 13.773658676898346
(70, 1, 32, 75, 14, 1, 1, 0.0, 0.0005, 'regression') : 14.47016466326912
(70, 1, 32, 75, 14, 1, 1, 0.4, 0.005, 'regression') : 14.535407862688169
(70, 1, 32, 75, 14, 1, 1, 0.0, 0.005, 'regression') : 14.664012361959516
(400, 1, 32, 75, 14, 1, 1, 0.4, 0.0005, 'regression') : 15.839481201929715
(400, 1, 32, 75, 14, 1, 1, 0.2, 0.0005, 'regression') : 16.060753388321558
(100, 1, 32, 75, 14, 1, 1, 0.4, 0.0005, 'regression') : 16.196159245391527
(100, 1, 32, 75, 14, 1, 1, 0.2, 0.0005, 'regression') : 16.489832459379834
(200, 1, 32, 75, 14, 1, 1, 0.0, 0.0005, 'regression') : 16.499661660315503
(70, 1, 32, 75, 14, 1, 1, 0.2, 0.0005, 'regression') : 16.654033904233508
(200, 1, 32, 75, 14, 1, 1, 0.2, 0.0005, 'regression') : 16.985004196091616
(150, 1, 32, 75, 14, 1, 1, 0.2, 0.0005, 'regression') : 17.11471911720477
(100, 1, 32, 75, 14, 1, 1, 0.0, 0.0005, 'regression') : 17.47152208122177
(200, 1, 32, 75, 14, 1, 1, 0.4, 0.0005, 'regression') : 17.571118016205507
(400, 1, 32, 75, 14, 1, 1, 0.0, 0.0005, 'regression') : 17.688797823033532
(150, 1, 32, 75, 14, 1, 1, 0.4, 0.0005, 'regression') : 17.69748404424903
(70, 1, 32, 75, 14, 1, 1, 0.4, 0.0005, 'regression') : 18.000723120323386
(150, 1, 32, 75, 14, 1, 1, 0.0, 0.0005, 'regression') : 18.246164215206598
