Best Hyperparameter:(400, 1, 8, 75, 14, 1, 1, 0.4, 0.0005, 'regression')

All Results:
(400, 1, 8, 75, 14, 1, 1, 0.4, 0.0005, 'regression') : 18.93441205106992
(100, 1, 8, 75, 14, 1, 1, 0.4, 0.001, 'regression') : 18.95883196671458
(100, 1, 32, 75, 14, 1, 1, 0.0, 0.001, 'regression') : 19.06188155307043
(100, 1, 8, 75, 14, 1, 1, 0.2, 0.0005, 'regression') : 19.283642471936844
(200, 1, 8, 75, 14, 1, 1, 0.4, 0.0005, 'regression') : 19.346573797673813
(100, 1, 32, 75, 14, 1, 1, 0.0, 0.0005, 'regression') : 19.47772144422408
(150, 1, 32, 75, 14, 1, 1, 0.0, 0.001, 'regression') : 19.529570459236407
(70, 1, 8, 75, 14, 1, 1, 0.0, 0.001, 'regression') : 19.571607024594478
(400, 1, 32, 75, 14, 1, 1, 0.4, 0.001, 'regression') : 19.62732671132194
(100, 1, 32, 75, 14, 1, 1, 0.4, 0.001, 'regression') : 19.636186739960387
(200, 1, 32, 75, 14, 1, 1, 0.2, 0.001, 'regression') : 19.946258710747326
(200, 1, 32, 75, 14, 1, 1, 0.4, 0.001, 'regression') : 19.94901971909429
(100, 1, 8, 75, 14, 1, 1, 0.0, 0.001, 'regression') : 19.958499991664134
(150, 1, 32, 75, 14, 1, 1, 0.2, 0.005, 'regression') : 19.96818066359417
(400, 1, 32, 75, 14, 1, 1, 0.0, 0.0005, 'regression') : 19.971591263852122
(150, 1, 32, 75, 14, 1, 1, 0.4, 0.001, 'regression') : 19.988762762681002
(150, 1, 8, 75, 14, 1, 1, 0.0, 0.001, 'regression') : 20.012692084834022
(150, 1, 32, 75, 14, 1, 1, 0.2, 0.001, 'regression') : 20.03098028805011
(100, 1, 8, 75, 14, 1, 1, 0.0, 0.0005, 'regression') : 20.05896178888103
(150, 1, 8, 75, 14, 1, 1, 0.2, 0.0005, 'regression') : 20.082228325186986
(150, 1, 8, 75, 14, 1, 1, 0.0, 0.0005, 'regression') : 20.106181951895987
(100, 1, 32, 75, 14, 1, 1, 0.4, 0.0005, 'regression') : 20.169454102669206
(70, 1, 32, 75, 14, 1, 1, 0.2, 0.0005, 'regression') : 20.202485622059008
(400, 1, 32, 75, 14, 1, 1, 0.2, 0.001, 'regression') : 20.241225656798637
(100, 1, 32, 75, 14, 1, 1, 0.4, 0.005, 'regression') : 20.25226010035294
(70, 1, 32, 75, 14, 1, 1, 0.4, 0.001, 'regression') : 20.253953230559382
(70, 1, 32, 75, 14, 1, 1, 0.2, 0.001, 'regression') : 20.264566030307538
(150, 1, 8, 75, 14, 1, 1, 0.2, 0.001, 'regression') : 20.26622550305746
(70, 1, 32, 75, 14, 1, 1, 0.4, 0.0005, 'regression') : 20.290207808922915
(200, 1, 32, 75, 14, 1, 1, 0.0, 0.001, 'regression') : 20.311475529114773
(400, 1, 8, 75, 14, 1, 1, 0.2, 0.0005, 'regression') : 20.3238601414502
(150, 1, 32, 75, 14, 1, 1, 0.4, 0.005, 'regression') : 20.351620239051595
(150, 1, 32, 75, 14, 1, 1, 0.2, 0.0005, 'regression') : 20.382417738451828
(200, 1, 32, 75, 14, 1, 1, 0.4, 0.0005, 'regression') : 20.39574822534641
(400, 1, 8, 75, 14, 1, 1, 0.0, 0.0005, 'regression') : 20.404852170618444
(400, 1, 32, 75, 14, 1, 1, 0.4, 0.0005, 'regression') : 20.456883023766558
(150, 1, 32, 75, 14, 1, 1, 0.0, 0.005, 'regression') : 20.473902273222837
(70, 1, 32, 75, 14, 1, 1, 0.0, 0.001, 'regression') : 20.489528089719023
(70, 1, 8, 75, 14, 1, 1, 0.4, 0.0005, 'regression') : 20.509881821815817
(200, 1, 32, 75, 14, 1, 1, 0.2, 0.0005, 'regression') : 20.511952692486965
(400, 1, 32, 75, 14, 1, 1, 0.2, 0.0005, 'regression') : 20.568858734983355
(70, 1, 8, 75, 14, 1, 1, 0.2, 0.0005, 'regression') : 20.614518600161496
(100, 1, 8, 75, 14, 1, 1, 0.4, 0.0005, 'regression') : 20.675612301728982
(400, 1, 32, 75, 14, 1, 1, 0.2, 0.005, 'regression') : 20.695360028615347
(200, 1, 8, 75, 14, 1, 1, 0.2, 0.0005, 'regression') : 20.726590597670274
(150, 1, 32, 75, 14, 1, 1, 0.4, 0.0005, 'regression') : 20.77006682552143
(150, 1, 8, 75, 14, 1, 1, 0.4, 0.001, 'regression') : 20.793447593996056
(400, 1, 8, 75, 14, 1, 1, 0.4, 0.001, 'regression') : 20.89351173726482
(400, 1, 8, 75, 14, 1, 1, 0.2, 0.001, 'regression') : 20.960855485839993
(200, 1, 8, 75, 14, 1, 1, 0.2, 0.001, 'regression') : 20.974769294069933
(150, 1, 8, 75, 14, 1, 1, 0.4, 0.0005, 'regression') : 20.986921110170687
(400, 1, 32, 75, 14, 1, 1, 0.0, 0.005, 'regression') : 21.00039774705566
(200, 1, 8, 75, 14, 1, 1, 0.0, 0.001, 'regression') : 21.13290267199491
(150, 1, 32, 75, 14, 1, 1, 0.0, 0.0005, 'regression') : 21.20755944336323
(70, 1, 8, 75, 14, 1, 1, 0.0, 0.0005, 'regression') : 21.22641595820997
(100, 1, 32, 75, 14, 1, 1, 0.2, 0.0005, 'regression') : 21.258029034859277
(200, 1, 32, 75, 14, 1, 1, 0.0, 0.0005, 'regression') : 21.318315016768558
(400, 1, 32, 75, 14, 1, 1, 0.4, 0.005, 'regression') : 21.40675583412915
(400, 1, 32, 75, 14, 1, 1, 0.0, 0.001, 'regression') : 21.43974980723481
(100, 1, 32, 75, 14, 1, 1, 0.2, 0.001, 'regression') : 21.770395473115748
(200, 1, 32, 75, 14, 1, 1, 0.2, 0.005, 'regression') : 21.88142364378671
(200, 1, 32, 75, 14, 1, 1, 0.4, 0.005, 'regression') : 21.962756863317914
(70, 1, 32, 75, 14, 1, 1, 0.4, 0.005, 'regression') : 22.19029915242521
(70, 1, 32, 75, 14, 1, 1, 0.0, 0.005, 'regression') : 22.202462819193627
(200, 1, 8, 75, 14, 1, 1, 0.4, 0.001, 'regression') : 22.304408671172496
(100, 1, 8, 75, 14, 1, 1, 0.4, 0.005, 'regression') : 22.35926572470102
(100, 1, 32, 75, 14, 1, 1, 0.0, 0.005, 'regression') : 22.429622854057676
(100, 1, 8, 75, 14, 1, 1, 0.2, 0.001, 'regression') : 22.452741422483502
(70, 1, 8, 75, 14, 1, 1, 0.2, 0.001, 'regression') : 22.462296073880925
(100, 1, 32, 75, 14, 1, 1, 0.2, 0.005, 'regression') : 22.670780373618634
(70, 1, 32, 75, 14, 1, 1, 0.0, 0.0005, 'regression') : 22.67746111927574
(200, 1, 8, 75, 14, 1, 1, 0.0, 0.005, 'regression') : 22.830350885830615
(400, 1, 8, 75, 14, 1, 1, 0.4, 0.005, 'regression') : 23.016105571493693
(400, 1, 8, 75, 14, 1, 1, 0.0, 0.001, 'regression') : 23.075765048857797
(200, 1, 32, 75, 14, 1, 1, 0.0, 0.005, 'regression') : 23.195089368482805
(70, 1, 32, 75, 14, 1, 1, 0.2, 0.005, 'regression') : 23.340002546742813
(70, 1, 8, 75, 14, 1, 1, 0.0, 0.005, 'regression') : 23.342180843799788
(70, 1, 8, 75, 14, 1, 1, 0.4, 0.001, 'regression') : 23.70272329801816
(100, 1, 8, 75, 14, 1, 1, 0.2, 0.005, 'regression') : 24.019116174560995
(400, 1, 8, 75, 14, 1, 1, 0.2, 0.005, 'regression') : 24.16858851494767
(150, 1, 8, 75, 14, 1, 1, 0.4, 0.005, 'regression') : 24.324307531709287
(70, 1, 8, 75, 14, 1, 1, 0.4, 0.005, 'regression') : 24.513712802030074
(100, 1, 8, 75, 14, 1, 1, 0.0, 0.005, 'regression') : 24.525035308203613
(70, 1, 8, 75, 14, 1, 1, 0.2, 0.005, 'regression') : 24.823469679373552
(200, 1, 8, 75, 14, 1, 1, 0.0, 0.0005, 'regression') : 24.93938809780993
(200, 1, 8, 75, 14, 1, 1, 0.2, 0.005, 'regression') : 25.122424721191287
(200, 1, 8, 75, 14, 1, 1, 0.4, 0.005, 'regression') : 25.25462093474459
(150, 1, 8, 75, 14, 1, 1, 0.2, 0.005, 'regression') : 25.77451242023954
(400, 1, 8, 75, 14, 1, 1, 0.0, 0.005, 'regression') : 27.218099234013444
(150, 1, 8, 75, 14, 1, 1, 0.0, 0.005, 'regression') : 28.277582904874702
