Best Hyperparameter:(100, 1, 8, 75, 14, 1, 1, 0.0, 0.001, 'regression')

All Results:
(100, 1, 8, 75, 14, 1, 1, 0.0, 0.001, 'regression') : 11.497980773018849
(70, 1, 8, 75, 14, 1, 1, 0.4, 0.001, 'regression') : 11.677430442323788
(200, 1, 8, 75, 14, 1, 1, 0.4, 0.001, 'regression') : 11.720598377471479
(400, 1, 8, 75, 14, 1, 1, 0.2, 0.001, 'regression') : 12.062445592879133
(150, 1, 8, 75, 14, 1, 1, 0.0, 0.001, 'regression') : 12.162801983918154
(100, 1, 8, 75, 14, 1, 1, 0.4, 0.001, 'regression') : 12.162942045606776
(400, 1, 8, 75, 14, 1, 1, 0.4, 0.0005, 'regression') : 12.17350304970964
(100, 1, 8, 75, 14, 1, 1, 0.0, 0.0005, 'regression') : 12.239591953477664
(150, 1, 8, 75, 14, 1, 1, 0.2, 0.001, 'regression') : 12.260403520979994
(150, 1, 8, 75, 14, 1, 1, 0.2, 0.0005, 'regression') : 12.318973768951164
(400, 1, 8, 75, 14, 1, 1, 0.0, 0.0005, 'regression') : 12.403075507055064
(70, 1, 8, 75, 14, 1, 1, 0.2, 0.001, 'regression') : 12.430094704793294
(150, 1, 8, 75, 14, 1, 1, 0.4, 0.001, 'regression') : 12.49427790084699
(100, 1, 8, 75, 14, 1, 1, 0.2, 0.001, 'regression') : 12.546949143246348
(100, 1, 32, 75, 14, 1, 1, 0.2, 0.005, 'regression') : 12.549425238316156
(70, 1, 8, 75, 14, 1, 1, 0.0, 0.001, 'regression') : 12.599599552492698
(150, 1, 8, 75, 14, 1, 1, 0.0, 0.0005, 'regression') : 12.610213433882672
(200, 1, 32, 75, 14, 1, 1, 0.4, 0.005, 'regression') : 12.659758684391864
(200, 1, 8, 75, 14, 1, 1, 0.4, 0.0005, 'regression') : 12.69895858037037
(200, 1, 8, 75, 14, 1, 1, 0.0, 0.001, 'regression') : 12.74142534829739
(200, 1, 8, 75, 14, 1, 1, 0.2, 0.001, 'regression') : 12.801635407949794
(400, 1, 8, 75, 14, 1, 1, 0.0, 0.001, 'regression') : 12.823158530945756
(400, 1, 32, 75, 14, 1, 1, 0.4, 0.005, 'regression') : 12.826079060011756
(100, 1, 32, 75, 14, 1, 1, 0.0, 0.005, 'regression') : 12.880804895440047
(150, 1, 8, 75, 14, 1, 1, 0.4, 0.0005, 'regression') : 12.891583542619554
(150, 1, 32, 75, 14, 1, 1, 0.2, 0.001, 'regression') : 12.902973028737389
(400, 1, 8, 75, 14, 1, 1, 0.2, 0.0005, 'regression') : 12.949668746061889
(200, 1, 32, 75, 14, 1, 1, 0.0, 0.005, 'regression') : 12.984682549539837
(70, 1, 8, 75, 14, 1, 1, 0.2, 0.0005, 'regression') : 12.990497093666551
(70, 1, 8, 75, 14, 1, 1, 0.0, 0.005, 'regression') : 13.087629021642062
(100, 1, 32, 75, 14, 1, 1, 0.4, 0.005, 'regression') : 13.096479566613022
(100, 1, 8, 75, 14, 1, 1, 0.4, 0.0005, 'regression') : 13.102012281146205
(200, 1, 8, 75, 14, 1, 1, 0.0, 0.0005, 'regression') : 13.117427287243064
(70, 1, 8, 75, 14, 1, 1, 0.0, 0.0005, 'regression') : 13.118862687409385
(100, 1, 8, 75, 14, 1, 1, 0.2, 0.005, 'regression') : 13.1466294171798
(70, 1, 32, 75, 14, 1, 1, 0.0, 0.005, 'regression') : 13.179519133495281
(100, 1, 8, 75, 14, 1, 1, 0.2, 0.0005, 'regression') : 13.201194101176517
(400, 1, 32, 75, 14, 1, 1, 0.0, 0.001, 'regression') : 13.238358851326359
(150, 1, 32, 75, 14, 1, 1, 0.2, 0.005, 'regression') : 13.281493721350362
(400, 1, 8, 75, 14, 1, 1, 0.4, 0.001, 'regression') : 13.305172642146516
(70, 1, 32, 75, 14, 1, 1, 0.4, 0.005, 'regression') : 13.311947226023179
(100, 1, 8, 75, 14, 1, 1, 0.4, 0.005, 'regression') : 13.345014234231126
(100, 1, 32, 75, 14, 1, 1, 0.2, 0.001, 'regression') : 13.396639318003645
(100, 1, 32, 75, 14, 1, 1, 0.4, 0.001, 'regression') : 13.465777216219525
(100, 1, 32, 75, 14, 1, 1, 0.0, 0.001, 'regression') : 13.483115600253063
(200, 1, 32, 75, 14, 1, 1, 0.2, 0.005, 'regression') : 13.493976856673584
(400, 1, 32, 75, 14, 1, 1, 0.2, 0.001, 'regression') : 13.505267706197206
(70, 1, 8, 75, 14, 1, 1, 0.2, 0.005, 'regression') : 13.53055580164362
(70, 1, 32, 75, 14, 1, 1, 0.0, 0.001, 'regression') : 13.545371840594726
(200, 1, 32, 75, 14, 1, 1, 0.0, 0.001, 'regression') : 13.546656644865035
(150, 1, 32, 75, 14, 1, 1, 0.0, 0.001, 'regression') : 13.559824792838603
(70, 1, 32, 75, 14, 1, 1, 0.4, 0.001, 'regression') : 13.561423388128423
(200, 1, 8, 75, 14, 1, 1, 0.2, 0.005, 'regression') : 13.590273885252765
(200, 1, 8, 75, 14, 1, 1, 0.2, 0.0005, 'regression') : 13.592538815545936
(400, 1, 32, 75, 14, 1, 1, 0.4, 0.001, 'regression') : 13.69111527632236
(70, 1, 8, 75, 14, 1, 1, 0.4, 0.0005, 'regression') : 13.701904970242785
(400, 1, 32, 75, 14, 1, 1, 0.2, 0.005, 'regression') : 13.821455180382657
(150, 1, 32, 75, 14, 1, 1, 0.4, 0.005, 'regression') : 13.863085821437418
(400, 1, 8, 75, 14, 1, 1, 0.0, 0.005, 'regression') : 13.97322070525498
(200, 1, 32, 75, 14, 1, 1, 0.4, 0.001, 'regression') : 14.012434142056552
(150, 1, 8, 75, 14, 1, 1, 0.2, 0.005, 'regression') : 14.018313126980013
(400, 1, 8, 75, 14, 1, 1, 0.4, 0.005, 'regression') : 14.029957281497627
(150, 1, 32, 75, 14, 1, 1, 0.4, 0.001, 'regression') : 14.033594482577346
(150, 1, 32, 75, 14, 1, 1, 0.0, 0.005, 'regression') : 14.086811583038948
(400, 1, 32, 75, 14, 1, 1, 0.0, 0.005, 'regression') : 14.136425473561161
(70, 1, 32, 75, 14, 1, 1, 0.2, 0.005, 'regression') : 14.206993107852762
(70, 1, 8, 75, 14, 1, 1, 0.4, 0.005, 'regression') : 14.23589189183698
(70, 1, 32, 75, 14, 1, 1, 0.2, 0.0005, 'regression') : 14.294686919603524
(200, 1, 8, 75, 14, 1, 1, 0.0, 0.005, 'regression') : 14.331930958257203
(70, 1, 32, 75, 14, 1, 1, 0.4, 0.0005, 'regression') : 14.340823346233654
(150, 1, 32, 75, 14, 1, 1, 0.0, 0.0005, 'regression') : 14.370111969149889
(100, 1, 32, 75, 14, 1, 1, 0.0, 0.0005, 'regression') : 14.395228659352949
(100, 1, 32, 75, 14, 1, 1, 0.4, 0.0005, 'regression') : 14.396398390611036
(400, 1, 32, 75, 14, 1, 1, 0.2, 0.0005, 'regression') : 14.410713558333274
(400, 1, 32, 75, 14, 1, 1, 0.0, 0.0005, 'regression') : 14.466610465780178
(100, 1, 8, 75, 14, 1, 1, 0.0, 0.005, 'regression') : 14.494120822283312
(200, 1, 32, 75, 14, 1, 1, 0.2, 0.0005, 'regression') : 14.53241182250957
(200, 1, 32, 75, 14, 1, 1, 0.0, 0.0005, 'regression') : 14.566566817075664
(200, 1, 8, 75, 14, 1, 1, 0.4, 0.005, 'regression') : 14.591115158698113
(200, 1, 32, 75, 14, 1, 1, 0.4, 0.0005, 'regression') : 14.622622384332459
(100, 1, 32, 75, 14, 1, 1, 0.2, 0.0005, 'regression') : 14.663688816396592
(70, 1, 32, 75, 14, 1, 1, 0.2, 0.001, 'regression') : 14.705400995984636
(200, 1, 32, 75, 14, 1, 1, 0.2, 0.001, 'regression') : 14.732283696250363
(150, 1, 8, 75, 14, 1, 1, 0.0, 0.005, 'regression') : 14.778250740898553
(150, 1, 32, 75, 14, 1, 1, 0.4, 0.0005, 'regression') : 14.973347280168571
(400, 1, 32, 75, 14, 1, 1, 0.4, 0.0005, 'regression') : 14.992483090671223
(150, 1, 32, 75, 14, 1, 1, 0.2, 0.0005, 'regression') : 15.201591985416375
(150, 1, 8, 75, 14, 1, 1, 0.4, 0.005, 'regression') : 15.48944758394444
(70, 1, 32, 75, 14, 1, 1, 0.0, 0.0005, 'regression') : 16.658385921464735
(400, 1, 8, 75, 14, 1, 1, 0.2, 0.005, 'regression') : 17.09244260898143
