Best Hyperparameter:(100, 1, 8, 75, 14, 1, 1, 0.0, 0.001, 'regression')

All Results:
(100, 1, 8, 75, 14, 1, 1, 0.0, 0.001, 'regression') : 11.591038487144772
(150, 1, 8, 75, 14, 1, 1, 0.4, 0.001, 'regression') : 11.819749424769046
(400, 1, 8, 75, 14, 1, 1, 0.0, 0.001, 'regression') : 12.044397331556889
(100, 1, 8, 75, 14, 1, 1, 0.2, 0.001, 'regression') : 12.13305631865082
(400, 1, 8, 75, 14, 1, 1, 0.4, 0.001, 'regression') : 12.236829393307747
(400, 1, 8, 75, 14, 1, 1, 0.4, 0.005, 'regression') : 12.353346354240678
(200, 1, 8, 75, 14, 1, 1, 0.0, 0.001, 'regression') : 12.441933552620162
(70, 1, 8, 75, 14, 1, 1, 0.0, 0.001, 'regression') : 12.448277171444234
(200, 1, 8, 75, 14, 1, 1, 0.4, 0.001, 'regression') : 12.553747969004991
(70, 1, 8, 75, 14, 1, 1, 0.2, 0.001, 'regression') : 12.558654768159993
(150, 1, 8, 75, 14, 1, 1, 0.2, 0.001, 'regression') : 12.592626313007031
(200, 1, 32, 75, 14, 1, 1, 0.0, 0.005, 'regression') : 12.697270535067247
(200, 1, 8, 75, 14, 1, 1, 0.0, 0.0005, 'regression') : 12.860080709136335
(100, 1, 32, 75, 14, 1, 1, 0.2, 0.005, 'regression') : 12.876471303870648
(150, 1, 8, 75, 14, 1, 1, 0.0, 0.001, 'regression') : 12.905281277122096
(200, 1, 8, 75, 14, 1, 1, 0.2, 0.0005, 'regression') : 12.95600126858734
(400, 1, 32, 75, 14, 1, 1, 0.2, 0.005, 'regression') : 13.008513913017552
(150, 1, 8, 75, 14, 1, 1, 0.0, 0.0005, 'regression') : 13.016985227054638
(400, 1, 32, 75, 14, 1, 1, 0.4, 0.005, 'regression') : 13.048073035369683
(400, 1, 8, 75, 14, 1, 1, 0.2, 0.001, 'regression') : 13.077552558732322
(400, 1, 8, 75, 14, 1, 1, 0.4, 0.0005, 'regression') : 13.10351575038517
(70, 1, 8, 75, 14, 1, 1, 0.0, 0.0005, 'regression') : 13.213641756434578
(400, 1, 8, 75, 14, 1, 1, 0.0, 0.0005, 'regression') : 13.221553791798959
(70, 1, 32, 75, 14, 1, 1, 0.0, 0.001, 'regression') : 13.276502506567587
(200, 1, 8, 75, 14, 1, 1, 0.2, 0.001, 'regression') : 13.280216185612499
(70, 1, 32, 75, 14, 1, 1, 0.2, 0.005, 'regression') : 13.312265780080073
(150, 1, 32, 75, 14, 1, 1, 0.2, 0.005, 'regression') : 13.358947000213496
(150, 1, 32, 75, 14, 1, 1, 0.0, 0.005, 'regression') : 13.361807219522253
(200, 1, 32, 75, 14, 1, 1, 0.4, 0.001, 'regression') : 13.364863038153846
(70, 1, 8, 75, 14, 1, 1, 0.4, 0.0005, 'regression') : 13.366559650310592
(200, 1, 8, 75, 14, 1, 1, 0.2, 0.005, 'regression') : 13.398478533367685
(200, 1, 32, 75, 14, 1, 1, 0.4, 0.005, 'regression') : 13.425009097586791
(70, 1, 8, 75, 14, 1, 1, 0.0, 0.005, 'regression') : 13.467150115053727
(100, 1, 32, 75, 14, 1, 1, 0.0, 0.005, 'regression') : 13.479217790474348
(70, 1, 32, 75, 14, 1, 1, 0.4, 0.005, 'regression') : 13.495298099521639
(150, 1, 8, 75, 14, 1, 1, 0.2, 0.0005, 'regression') : 13.574944369682669
(400, 1, 8, 75, 14, 1, 1, 0.2, 0.0005, 'regression') : 13.606839820058951
(70, 1, 8, 75, 14, 1, 1, 0.4, 0.001, 'regression') : 13.624165357935368
(70, 1, 8, 75, 14, 1, 1, 0.4, 0.005, 'regression') : 13.657955031223432
(200, 1, 32, 75, 14, 1, 1, 0.0, 0.001, 'regression') : 13.662186162876145
(150, 1, 32, 75, 14, 1, 1, 0.0, 0.001, 'regression') : 13.682219996720761
(100, 1, 8, 75, 14, 1, 1, 0.0, 0.0005, 'regression') : 13.691306189142637
(100, 1, 32, 75, 14, 1, 1, 0.4, 0.005, 'regression') : 13.717643283163767
(150, 1, 32, 75, 14, 1, 1, 0.2, 0.001, 'regression') : 13.7417588958605
(200, 1, 32, 75, 14, 1, 1, 0.2, 0.005, 'regression') : 13.776970303781187
(70, 1, 32, 75, 14, 1, 1, 0.2, 0.001, 'regression') : 13.792763966057379
(100, 1, 32, 75, 14, 1, 1, 0.4, 0.001, 'regression') : 13.804062336590075
(100, 1, 8, 75, 14, 1, 1, 0.2, 0.0005, 'regression') : 13.835303158143471
(100, 1, 8, 75, 14, 1, 1, 0.4, 0.0005, 'regression') : 13.858004702504076
(200, 1, 32, 75, 14, 1, 1, 0.2, 0.001, 'regression') : 13.921858253917724
(70, 1, 32, 75, 14, 1, 1, 0.4, 0.001, 'regression') : 14.003122984621331
(150, 1, 8, 75, 14, 1, 1, 0.2, 0.005, 'regression') : 14.009153106675413
(150, 1, 32, 75, 14, 1, 1, 0.4, 0.005, 'regression') : 14.019296216619969
(150, 1, 8, 75, 14, 1, 1, 0.4, 0.005, 'regression') : 14.02580478881226
(400, 1, 32, 75, 14, 1, 1, 0.4, 0.001, 'regression') : 14.037413499889434
(70, 1, 8, 75, 14, 1, 1, 0.2, 0.005, 'regression') : 14.046686190245634
(100, 1, 8, 75, 14, 1, 1, 0.2, 0.005, 'regression') : 14.124254737610988
(150, 1, 32, 75, 14, 1, 1, 0.4, 0.001, 'regression') : 14.213370468106053
(400, 1, 32, 75, 14, 1, 1, 0.0, 0.005, 'regression') : 14.216845808039063
(70, 1, 8, 75, 14, 1, 1, 0.2, 0.0005, 'regression') : 14.251802343303751
(400, 1, 32, 75, 14, 1, 1, 0.0, 0.001, 'regression') : 14.301493243837399
(200, 1, 8, 75, 14, 1, 1, 0.4, 0.005, 'regression') : 14.345415211826031
(400, 1, 32, 75, 14, 1, 1, 0.2, 0.001, 'regression') : 14.400310645295098
(150, 1, 8, 75, 14, 1, 1, 0.4, 0.0005, 'regression') : 14.403810583777823
(100, 1, 8, 75, 14, 1, 1, 0.4, 0.001, 'regression') : 14.425800364330266
(400, 1, 8, 75, 14, 1, 1, 0.0, 0.005, 'regression') : 14.465410037099733
(100, 1, 32, 75, 14, 1, 1, 0.0, 0.001, 'regression') : 14.492033048042462
(400, 1, 32, 75, 14, 1, 1, 0.2, 0.0005, 'regression') : 14.56292801632832
(70, 1, 32, 75, 14, 1, 1, 0.0, 0.005, 'regression') : 14.57294691753452
(400, 1, 32, 75, 14, 1, 1, 0.4, 0.0005, 'regression') : 14.711204907584037
(400, 1, 32, 75, 14, 1, 1, 0.0, 0.0005, 'regression') : 14.71493802974624
(200, 1, 8, 75, 14, 1, 1, 0.4, 0.0005, 'regression') : 14.804825362603248
(400, 1, 8, 75, 14, 1, 1, 0.2, 0.005, 'regression') : 14.808459969524378
(70, 1, 32, 75, 14, 1, 1, 0.2, 0.0005, 'regression') : 14.8090696819072
(100, 1, 32, 75, 14, 1, 1, 0.0, 0.0005, 'regression') : 15.005907709187962
(150, 1, 32, 75, 14, 1, 1, 0.4, 0.0005, 'regression') : 15.059655956261153
(100, 1, 32, 75, 14, 1, 1, 0.2, 0.001, 'regression') : 15.112043666041277
(150, 1, 8, 75, 14, 1, 1, 0.0, 0.005, 'regression') : 15.113750241318906
(70, 1, 32, 75, 14, 1, 1, 0.4, 0.0005, 'regression') : 15.281087658351671
(150, 1, 32, 75, 14, 1, 1, 0.2, 0.0005, 'regression') : 15.313734229893456
(200, 1, 32, 75, 14, 1, 1, 0.2, 0.0005, 'regression') : 15.325646601034984
(100, 1, 32, 75, 14, 1, 1, 0.2, 0.0005, 'regression') : 15.370638354305646
(100, 1, 8, 75, 14, 1, 1, 0.0, 0.005, 'regression') : 15.384977577560838
(100, 1, 32, 75, 14, 1, 1, 0.4, 0.0005, 'regression') : 15.39006398891784
(100, 1, 8, 75, 14, 1, 1, 0.4, 0.005, 'regression') : 15.570411485758504
(70, 1, 32, 75, 14, 1, 1, 0.0, 0.0005, 'regression') : 15.612158059050818
(200, 1, 8, 75, 14, 1, 1, 0.0, 0.005, 'regression') : 15.745916425219496
(150, 1, 32, 75, 14, 1, 1, 0.0, 0.0005, 'regression') : 15.754305133392737
(200, 1, 32, 75, 14, 1, 1, 0.0, 0.0005, 'regression') : 15.942539101629013
(200, 1, 32, 75, 14, 1, 1, 0.4, 0.0005, 'regression') : 16.148882781943193
