Best Hyperparameter:(200, 1, 8, 75, 14, 1, 1, 0.2, 0.001, 'regression')

All Results:
(200, 1, 8, 75, 14, 1, 1, 0.2, 0.001, 'regression') : 10.000201736720328
(400, 1, 8, 75, 14, 1, 1, 0.4, 0.001, 'regression') : 10.28478219199714
(400, 1, 8, 75, 14, 1, 1, 0.0, 0.001, 'regression') : 10.573597805521125
(70, 1, 8, 75, 14, 1, 1, 0.0, 0.001, 'regression') : 10.580021757844985
(150, 1, 8, 75, 14, 1, 1, 0.4, 0.001, 'regression') : 10.598479338916606
(150, 1, 8, 75, 14, 1, 1, 0.4, 0.0005, 'regression') : 10.72661643050053
(70, 1, 8, 75, 14, 1, 1, 0.2, 0.001, 'regression') : 10.807141187544074
(150, 1, 8, 75, 14, 1, 1, 0.0, 0.001, 'regression') : 10.836474696430281
(200, 1, 8, 75, 14, 1, 1, 0.0, 0.001, 'regression') : 10.905477882682854
(150, 1, 8, 75, 14, 1, 1, 0.0, 0.0005, 'regression') : 11.006128110815986
(200, 1, 8, 75, 14, 1, 1, 0.4, 0.001, 'regression') : 11.06719367447391
(200, 1, 8, 75, 14, 1, 1, 0.0, 0.0005, 'regression') : 11.088572159935238
(200, 1, 8, 75, 14, 1, 1, 0.2, 0.0005, 'regression') : 11.202787712705366
(100, 1, 8, 75, 14, 1, 1, 0.2, 0.001, 'regression') : 11.205517934449697
(150, 1, 32, 75, 14, 1, 1, 0.2, 0.005, 'regression') : 11.241568264518184
(70, 1, 8, 75, 14, 1, 1, 0.4, 0.001, 'regression') : 11.30886215197759
(100, 1, 8, 75, 14, 1, 1, 0.4, 0.001, 'regression') : 11.310006373423327
(100, 1, 8, 75, 14, 1, 1, 0.2, 0.0005, 'regression') : 11.311026808931855
(400, 1, 32, 75, 14, 1, 1, 0.0, 0.005, 'regression') : 11.329772847846105
(70, 1, 8, 75, 14, 1, 1, 0.0, 0.0005, 'regression') : 11.395621460291371
(400, 1, 8, 75, 14, 1, 1, 0.2, 0.001, 'regression') : 11.414215540467492
(400, 1, 32, 75, 14, 1, 1, 0.2, 0.005, 'regression') : 11.428814999098446
(70, 1, 8, 75, 14, 1, 1, 0.2, 0.0005, 'regression') : 11.448975893473667
(150, 1, 8, 75, 14, 1, 1, 0.2, 0.0005, 'regression') : 11.449002148576772
(100, 1, 8, 75, 14, 1, 1, 0.0, 0.001, 'regression') : 11.455613842110461
(70, 1, 8, 75, 14, 1, 1, 0.4, 0.0005, 'regression') : 11.501278731508815
(200, 1, 32, 75, 14, 1, 1, 0.2, 0.005, 'regression') : 11.506459649539286
(400, 1, 32, 75, 14, 1, 1, 0.0, 0.001, 'regression') : 11.52203610459313
(150, 1, 8, 75, 14, 1, 1, 0.2, 0.001, 'regression') : 11.59504845407164
(200, 1, 8, 75, 14, 1, 1, 0.4, 0.0005, 'regression') : 11.700738208967636
(150, 1, 8, 75, 14, 1, 1, 0.2, 0.005, 'regression') : 11.707762830543857
(400, 1, 8, 75, 14, 1, 1, 0.0, 0.0005, 'regression') : 11.715046372877662
(100, 1, 32, 75, 14, 1, 1, 0.2, 0.005, 'regression') : 11.741268798517789
(100, 1, 32, 75, 14, 1, 1, 0.0, 0.005, 'regression') : 11.752971251085723
(400, 1, 8, 75, 14, 1, 1, 0.2, 0.0005, 'regression') : 11.75616273675368
(70, 1, 8, 75, 14, 1, 1, 0.2, 0.005, 'regression') : 11.793941914289865
(150, 1, 32, 75, 14, 1, 1, 0.4, 0.005, 'regression') : 11.828878324495221
(200, 1, 8, 75, 14, 1, 1, 0.4, 0.005, 'regression') : 11.831633161831645
(150, 1, 32, 75, 14, 1, 1, 0.0, 0.001, 'regression') : 11.844976855885427
(100, 1, 8, 75, 14, 1, 1, 0.4, 0.0005, 'regression') : 11.855534446066438
(150, 1, 8, 75, 14, 1, 1, 0.0, 0.005, 'regression') : 11.856707190767505
(400, 1, 8, 75, 14, 1, 1, 0.4, 0.005, 'regression') : 11.865316485118607
(200, 1, 32, 75, 14, 1, 1, 0.0, 0.001, 'regression') : 11.917091606012724
(400, 1, 8, 75, 14, 1, 1, 0.4, 0.0005, 'regression') : 11.989279291206962
(200, 1, 32, 75, 14, 1, 1, 0.4, 0.001, 'regression') : 12.00623146156492
(150, 1, 32, 75, 14, 1, 1, 0.0, 0.005, 'regression') : 12.049349594425887
(150, 1, 32, 75, 14, 1, 1, 0.4, 0.001, 'regression') : 12.096473046056042
(70, 1, 32, 75, 14, 1, 1, 0.2, 0.001, 'regression') : 12.107075897978362
(70, 1, 8, 75, 14, 1, 1, 0.0, 0.005, 'regression') : 12.130498398030149
(70, 1, 32, 75, 14, 1, 1, 0.0, 0.001, 'regression') : 12.161377697015217
(200, 1, 32, 75, 14, 1, 1, 0.4, 0.005, 'regression') : 12.166469952941986
(200, 1, 8, 75, 14, 1, 1, 0.0, 0.005, 'regression') : 12.252556184900765
(100, 1, 8, 75, 14, 1, 1, 0.0, 0.0005, 'regression') : 12.254047620189317
(70, 1, 32, 75, 14, 1, 1, 0.0, 0.005, 'regression') : 12.262098045420995
(100, 1, 32, 75, 14, 1, 1, 0.4, 0.005, 'regression') : 12.262109374178447
(150, 1, 8, 75, 14, 1, 1, 0.4, 0.005, 'regression') : 12.263107423205906
(200, 1, 8, 75, 14, 1, 1, 0.2, 0.005, 'regression') : 12.299868589435361
(70, 1, 32, 75, 14, 1, 1, 0.2, 0.005, 'regression') : 12.449513123570878
(400, 1, 8, 75, 14, 1, 1, 0.0, 0.005, 'regression') : 12.481642618559302
(400, 1, 32, 75, 14, 1, 1, 0.4, 0.005, 'regression') : 12.508681473831974
(100, 1, 32, 75, 14, 1, 1, 0.2, 0.001, 'regression') : 12.510534713137286
(100, 1, 8, 75, 14, 1, 1, 0.2, 0.005, 'regression') : 12.551401620871996
(400, 1, 32, 75, 14, 1, 1, 0.4, 0.001, 'regression') : 12.695222527254497
(200, 1, 32, 75, 14, 1, 1, 0.0, 0.005, 'regression') : 12.72905795283711
(100, 1, 8, 75, 14, 1, 1, 0.4, 0.005, 'regression') : 12.778874624573936
(100, 1, 32, 75, 14, 1, 1, 0.4, 0.001, 'regression') : 12.791689122806904
(400, 1, 32, 75, 14, 1, 1, 0.2, 0.001, 'regression') : 12.811127989571958
(70, 1, 32, 75, 14, 1, 1, 0.4, 0.001, 'regression') : 12.812209567974568
(70, 1, 8, 75, 14, 1, 1, 0.4, 0.005, 'regression') : 12.831486762287193
(100, 1, 32, 75, 14, 1, 1, 0.0, 0.001, 'regression') : 13.030779458971892
(150, 1, 32, 75, 14, 1, 1, 0.2, 0.001, 'regression') : 13.220140812894424
(400, 1, 8, 75, 14, 1, 1, 0.2, 0.005, 'regression') : 13.371252004743454
(200, 1, 32, 75, 14, 1, 1, 0.2, 0.001, 'regression') : 13.461791436160576
(400, 1, 32, 75, 14, 1, 1, 0.0, 0.0005, 'regression') : 13.4730840288048
(150, 1, 32, 75, 14, 1, 1, 0.4, 0.0005, 'regression') : 13.560883319090943
(200, 1, 32, 75, 14, 1, 1, 0.0, 0.0005, 'regression') : 13.590704854656257
(200, 1, 32, 75, 14, 1, 1, 0.4, 0.0005, 'regression') : 13.643117845154123
(400, 1, 32, 75, 14, 1, 1, 0.4, 0.0005, 'regression') : 13.79474970843459
(100, 1, 8, 75, 14, 1, 1, 0.0, 0.005, 'regression') : 13.842758554895502
(70, 1, 32, 75, 14, 1, 1, 0.4, 0.0005, 'regression') : 13.900301459304206
(70, 1, 32, 75, 14, 1, 1, 0.4, 0.005, 'regression') : 14.014830833649132
(100, 1, 32, 75, 14, 1, 1, 0.2, 0.0005, 'regression') : 14.02991734875267
(70, 1, 32, 75, 14, 1, 1, 0.2, 0.0005, 'regression') : 14.04747141529594
(150, 1, 32, 75, 14, 1, 1, 0.0, 0.0005, 'regression') : 14.057581486718385
(200, 1, 32, 75, 14, 1, 1, 0.2, 0.0005, 'regression') : 14.196148485571234
(150, 1, 32, 75, 14, 1, 1, 0.2, 0.0005, 'regression') : 14.302300627436647
(70, 1, 32, 75, 14, 1, 1, 0.0, 0.0005, 'regression') : 14.450834467526743
(100, 1, 32, 75, 14, 1, 1, 0.0, 0.0005, 'regression') : 14.485111509465463
(400, 1, 32, 75, 14, 1, 1, 0.2, 0.0005, 'regression') : 14.502512754631812
(100, 1, 32, 75, 14, 1, 1, 0.4, 0.0005, 'regression') : 14.84518972532473
