Best Hyperparameter:(100, 1, 32, 75, 14, 1, 1, 0.4, 0.001, 'regression')

All Results:
(100, 1, 32, 75, 14, 1, 1, 0.4, 0.001, 'regression') : 19.320767295892864
(200, 1, 8, 75, 14, 1, 1, 0.0, 0.0005, 'regression') : 19.335623192579288
(150, 1, 8, 75, 14, 1, 1, 0.0, 0.001, 'regression') : 19.679711109112457
(100, 1, 8, 75, 14, 1, 1, 0.0, 0.001, 'regression') : 19.81078541022281
(100, 1, 8, 75, 14, 1, 1, 0.2, 0.001, 'regression') : 19.831081498884856
(70, 1, 8, 75, 14, 1, 1, 0.2, 0.0005, 'regression') : 19.87028412827838
(200, 1, 8, 75, 14, 1, 1, 0.2, 0.0005, 'regression') : 20.27814865638062
(150, 1, 8, 75, 14, 1, 1, 0.4, 0.0005, 'regression') : 20.30522759673542
(400, 1, 32, 75, 14, 1, 1, 0.0, 0.0005, 'regression') : 20.311001712578378
(200, 1, 8, 75, 14, 1, 1, 0.2, 0.001, 'regression') : 20.370546150918205
(400, 1, 8, 75, 14, 1, 1, 0.4, 0.0005, 'regression') : 20.393474531898367
(100, 1, 8, 75, 14, 1, 1, 0.4, 0.0005, 'regression') : 20.420124387786704
(200, 1, 8, 75, 14, 1, 1, 0.4, 0.0005, 'regression') : 20.52831366988952
(100, 1, 8, 75, 14, 1, 1, 0.4, 0.001, 'regression') : 20.579915701101264
(150, 1, 32, 75, 14, 1, 1, 0.0, 0.001, 'regression') : 20.70557280294342
(400, 1, 8, 75, 14, 1, 1, 0.2, 0.001, 'regression') : 20.822961723262985
(400, 1, 32, 75, 14, 1, 1, 0.0, 0.001, 'regression') : 20.894488521334985
(150, 1, 32, 75, 14, 1, 1, 0.0, 0.0005, 'regression') : 20.911701693027844
(70, 1, 8, 75, 14, 1, 1, 0.2, 0.001, 'regression') : 20.930820327028073
(70, 1, 32, 75, 14, 1, 1, 0.2, 0.005, 'regression') : 21.004058103399597
(200, 1, 32, 75, 14, 1, 1, 0.4, 0.001, 'regression') : 21.101141783404636
(150, 1, 8, 75, 14, 1, 1, 0.0, 0.0005, 'regression') : 21.125478502904848
(200, 1, 32, 75, 14, 1, 1, 0.0, 0.001, 'regression') : 21.258052949653653
(100, 1, 32, 75, 14, 1, 1, 0.4, 0.0005, 'regression') : 21.284373412636416
(70, 1, 8, 75, 14, 1, 1, 0.4, 0.005, 'regression') : 21.326208724139633
(200, 1, 32, 75, 14, 1, 1, 0.0, 0.005, 'regression') : 21.32737597698423
(150, 1, 8, 75, 14, 1, 1, 0.2, 0.0005, 'regression') : 21.34020876597871
(150, 1, 32, 75, 14, 1, 1, 0.2, 0.0005, 'regression') : 21.606457174734704
(150, 1, 8, 75, 14, 1, 1, 0.4, 0.001, 'regression') : 21.69869438867061
(70, 1, 8, 75, 14, 1, 1, 0.0, 0.001, 'regression') : 21.747877907149935
(70, 1, 32, 75, 14, 1, 1, 0.0, 0.001, 'regression') : 21.78179052179119
(100, 1, 32, 75, 14, 1, 1, 0.0, 0.0005, 'regression') : 21.81489656182627
(150, 1, 8, 75, 14, 1, 1, 0.0, 0.005, 'regression') : 21.852190288516113
(150, 1, 32, 75, 14, 1, 1, 0.2, 0.001, 'regression') : 21.951952928261026
(400, 1, 32, 75, 14, 1, 1, 0.4, 0.0005, 'regression') : 21.982095424289007
(100, 1, 32, 75, 14, 1, 1, 0.0, 0.001, 'regression') : 21.993972581636243
(400, 1, 8, 75, 14, 1, 1, 0.0, 0.001, 'regression') : 22.01006552449404
(100, 1, 8, 75, 14, 1, 1, 0.0, 0.0005, 'regression') : 22.032487382439747
(70, 1, 32, 75, 14, 1, 1, 0.4, 0.001, 'regression') : 22.055815370614745
(400, 1, 8, 75, 14, 1, 1, 0.4, 0.001, 'regression') : 22.077094671770524
(400, 1, 8, 75, 14, 1, 1, 0.2, 0.0005, 'regression') : 22.124842913244663
(70, 1, 32, 75, 14, 1, 1, 0.0, 0.0005, 'regression') : 22.126011414973302
(150, 1, 32, 75, 14, 1, 1, 0.4, 0.001, 'regression') : 22.171316528306544
(70, 1, 8, 75, 14, 1, 1, 0.4, 0.0005, 'regression') : 22.209160426417704
(70, 1, 32, 75, 14, 1, 1, 0.2, 0.0005, 'regression') : 22.320004466308273
(100, 1, 32, 75, 14, 1, 1, 0.2, 0.0005, 'regression') : 22.41671772033523
(150, 1, 32, 75, 14, 1, 1, 0.4, 0.0005, 'regression') : 22.59421920250867
(400, 1, 8, 75, 14, 1, 1, 0.0, 0.0005, 'regression') : 22.63262054447487
(70, 1, 8, 75, 14, 1, 1, 0.0, 0.0005, 'regression') : 22.645392969707505
(400, 1, 32, 75, 14, 1, 1, 0.4, 0.001, 'regression') : 22.669223239693306
(150, 1, 8, 75, 14, 1, 1, 0.2, 0.005, 'regression') : 22.766129417477092
(100, 1, 32, 75, 14, 1, 1, 0.2, 0.001, 'regression') : 22.869446482617928
(100, 1, 8, 75, 14, 1, 1, 0.2, 0.0005, 'regression') : 22.885825613695772
(200, 1, 8, 75, 14, 1, 1, 0.4, 0.005, 'regression') : 22.94492249205959
(200, 1, 8, 75, 14, 1, 1, 0.4, 0.001, 'regression') : 23.01420762888889
(200, 1, 32, 75, 14, 1, 1, 0.2, 0.0005, 'regression') : 23.02866983179305
(200, 1, 32, 75, 14, 1, 1, 0.2, 0.001, 'regression') : 23.04100733613411
(400, 1, 32, 75, 14, 1, 1, 0.2, 0.005, 'regression') : 23.097239796858087
(400, 1, 8, 75, 14, 1, 1, 0.0, 0.005, 'regression') : 23.165309093003508
(100, 1, 32, 75, 14, 1, 1, 0.2, 0.005, 'regression') : 23.24182600905812
(70, 1, 32, 75, 14, 1, 1, 0.2, 0.001, 'regression') : 23.26631831679625
(200, 1, 32, 75, 14, 1, 1, 0.4, 0.0005, 'regression') : 23.341091212055506
(200, 1, 32, 75, 14, 1, 1, 0.0, 0.0005, 'regression') : 23.359455251699014
(70, 1, 32, 75, 14, 1, 1, 0.4, 0.0005, 'regression') : 23.413591767262528
(70, 1, 32, 75, 14, 1, 1, 0.4, 0.005, 'regression') : 23.437317487245053
(150, 1, 8, 75, 14, 1, 1, 0.4, 0.005, 'regression') : 23.501766333034148
(70, 1, 8, 75, 14, 1, 1, 0.4, 0.001, 'regression') : 23.505810056163234
(200, 1, 8, 75, 14, 1, 1, 0.2, 0.005, 'regression') : 23.530669337198344
(400, 1, 32, 75, 14, 1, 1, 0.2, 0.001, 'regression') : 23.629354878176095
(200, 1, 8, 75, 14, 1, 1, 0.0, 0.001, 'regression') : 23.656979386599687
(400, 1, 32, 75, 14, 1, 1, 0.2, 0.0005, 'regression') : 23.680290152207974
(150, 1, 8, 75, 14, 1, 1, 0.2, 0.001, 'regression') : 23.977094780078072
(200, 1, 32, 75, 14, 1, 1, 0.2, 0.005, 'regression') : 24.291753102317266
(70, 1, 8, 75, 14, 1, 1, 0.2, 0.005, 'regression') : 24.501150889291157
(70, 1, 32, 75, 14, 1, 1, 0.0, 0.005, 'regression') : 24.54385870414468
(400, 1, 8, 75, 14, 1, 1, 0.4, 0.005, 'regression') : 24.79508799617938
(100, 1, 8, 75, 14, 1, 1, 0.2, 0.005, 'regression') : 24.80786286103703
(150, 1, 32, 75, 14, 1, 1, 0.4, 0.005, 'regression') : 24.909714279087645
(100, 1, 32, 75, 14, 1, 1, 0.4, 0.005, 'regression') : 25.039905999392154
(200, 1, 32, 75, 14, 1, 1, 0.4, 0.005, 'regression') : 25.04154198089119
(400, 1, 32, 75, 14, 1, 1, 0.4, 0.005, 'regression') : 25.268422370443897
(200, 1, 8, 75, 14, 1, 1, 0.0, 0.005, 'regression') : 25.322785828619693
(100, 1, 8, 75, 14, 1, 1, 0.4, 0.005, 'regression') : 25.389476827811528
(150, 1, 32, 75, 14, 1, 1, 0.0, 0.005, 'regression') : 25.55110104463028
(70, 1, 8, 75, 14, 1, 1, 0.0, 0.005, 'regression') : 25.749852082800913
(400, 1, 8, 75, 14, 1, 1, 0.2, 0.005, 'regression') : 25.84560933614018
(400, 1, 32, 75, 14, 1, 1, 0.0, 0.005, 'regression') : 26.090036755723013
(100, 1, 8, 75, 14, 1, 1, 0.0, 0.005, 'regression') : 27.245944354067866
(150, 1, 32, 75, 14, 1, 1, 0.2, 0.005, 'regression') : 27.35595913502852
(100, 1, 32, 75, 14, 1, 1, 0.0, 0.005, 'regression') : 28.576954577180707
