Best Hyperparameter:(70, 1, 8, 75, 14, 1, 1, 0.4, 0.001, 'regression')

All Results:
(70, 1, 8, 75, 14, 1, 1, 0.4, 0.001, 'regression') : 3.6607302395113286
(400, 1, 8, 75, 14, 1, 1, 0.4, 0.0005, 'regression') : 3.763964727997748
(100, 1, 8, 75, 14, 1, 1, 0.4, 0.001, 'regression') : 3.869708537656122
(200, 1, 8, 75, 14, 1, 1, 0.0, 0.0005, 'regression') : 3.9368228074094063
(100, 1, 8, 75, 14, 1, 1, 0.2, 0.0005, 'regression') : 3.945575287797374
(100, 1, 8, 75, 14, 1, 1, 0.0, 0.005, 'regression') : 3.9560306236952636
(400, 1, 8, 75, 14, 1, 1, 0.4, 0.001, 'regression') : 4.015399277947069
(100, 1, 8, 75, 14, 1, 1, 0.0, 0.001, 'regression') : 4.022158602982254
(100, 1, 8, 75, 14, 1, 1, 0.4, 0.0005, 'regression') : 4.0418182237013625
(150, 1, 8, 75, 14, 1, 1, 0.0, 0.001, 'regression') : 4.061730982004756
(200, 1, 8, 75, 14, 1, 1, 0.0, 0.001, 'regression') : 4.066116204450937
(100, 1, 8, 75, 14, 1, 1, 0.2, 0.005, 'regression') : 4.07100766657544
(150, 1, 8, 75, 14, 1, 1, 0.4, 0.001, 'regression') : 4.075736574903525
(150, 1, 32, 75, 14, 1, 1, 0.2, 0.001, 'regression') : 4.08697746433341
(70, 1, 8, 75, 14, 1, 1, 0.0, 0.001, 'regression') : 4.091681195713512
(150, 1, 8, 75, 14, 1, 1, 0.2, 0.001, 'regression') : 4.098285250578221
(70, 1, 8, 75, 14, 1, 1, 0.0, 0.005, 'regression') : 4.157989312593121
(200, 1, 8, 75, 14, 1, 1, 0.2, 0.001, 'regression') : 4.202296894694176
(70, 1, 8, 75, 14, 1, 1, 0.2, 0.001, 'regression') : 4.207013569019207
(150, 1, 8, 75, 14, 1, 1, 0.0, 0.0005, 'regression') : 4.311765401159898
(100, 1, 8, 75, 14, 1, 1, 0.2, 0.001, 'regression') : 4.352292695672668
(150, 1, 8, 75, 14, 1, 1, 0.2, 0.0005, 'regression') : 4.353404291105818
(70, 1, 8, 75, 14, 1, 1, 0.2, 0.0005, 'regression') : 4.353962062149737
(70, 1, 8, 75, 14, 1, 1, 0.4, 0.0005, 'regression') : 4.374511729747064
(400, 1, 8, 75, 14, 1, 1, 0.0, 0.0005, 'regression') : 4.531550474165391
(200, 1, 8, 75, 14, 1, 1, 0.4, 0.001, 'regression') : 4.654133070131698
(400, 1, 8, 75, 14, 1, 1, 0.0, 0.005, 'regression') : 4.686544892906781
(70, 1, 8, 75, 14, 1, 1, 0.4, 0.005, 'regression') : 4.7112272415509455
(400, 1, 8, 75, 14, 1, 1, 0.4, 0.005, 'regression') : 4.751893336335296
(100, 1, 8, 75, 14, 1, 1, 0.0, 0.0005, 'regression') : 4.757498740022763
(200, 1, 8, 75, 14, 1, 1, 0.4, 0.0005, 'regression') : 4.761088810034291
(400, 1, 8, 75, 14, 1, 1, 0.2, 0.001, 'regression') : 4.778683078142661
(150, 1, 8, 75, 14, 1, 1, 0.4, 0.005, 'regression') : 4.861931820071573
(400, 1, 8, 75, 14, 1, 1, 0.2, 0.005, 'regression') : 4.8629675738426545
(200, 1, 8, 75, 14, 1, 1, 0.0, 0.005, 'regression') : 4.900541279812958
(150, 1, 8, 75, 14, 1, 1, 0.2, 0.005, 'regression') : 4.948072681231039
(70, 1, 8, 75, 14, 1, 1, 0.0, 0.0005, 'regression') : 4.979670499748218
(400, 1, 8, 75, 14, 1, 1, 0.2, 0.0005, 'regression') : 4.990861099678194
(400, 1, 8, 75, 14, 1, 1, 0.0, 0.001, 'regression') : 4.999922165751372
(200, 1, 8, 75, 14, 1, 1, 0.2, 0.005, 'regression') : 5.013870988082729
(200, 1, 8, 75, 14, 1, 1, 0.4, 0.005, 'regression') : 5.170938451108485
(70, 1, 32, 75, 14, 1, 1, 0.0, 0.0005, 'regression') : 5.173073891194039
(100, 1, 8, 75, 14, 1, 1, 0.4, 0.005, 'regression') : 5.178300622025532
(150, 1, 8, 75, 14, 1, 1, 0.4, 0.0005, 'regression') : 5.184410851516238
(200, 1, 32, 75, 14, 1, 1, 0.4, 0.0005, 'regression') : 5.302247520295806
(150, 1, 32, 75, 14, 1, 1, 0.4, 0.001, 'regression') : 5.3280389180669605
(200, 1, 32, 75, 14, 1, 1, 0.4, 0.001, 'regression') : 5.346802403968456
(70, 1, 32, 75, 14, 1, 1, 0.2, 0.0005, 'regression') : 5.421897702519233
(70, 1, 8, 75, 14, 1, 1, 0.2, 0.005, 'regression') : 5.457822501298776
(100, 1, 32, 75, 14, 1, 1, 0.2, 0.0005, 'regression') : 5.480303390009118
(400, 1, 32, 75, 14, 1, 1, 0.0, 0.0005, 'regression') : 5.535667562725296
(200, 1, 8, 75, 14, 1, 1, 0.2, 0.0005, 'regression') : 5.58847436296709
(150, 1, 8, 75, 14, 1, 1, 0.0, 0.005, 'regression') : 5.609305571012432
(200, 1, 32, 75, 14, 1, 1, 0.0, 0.0005, 'regression') : 5.641815924963585
(150, 1, 32, 75, 14, 1, 1, 0.0, 0.001, 'regression') : 5.707307149381118
(400, 1, 32, 75, 14, 1, 1, 0.2, 0.001, 'regression') : 5.730398569304767
(70, 1, 32, 75, 14, 1, 1, 0.4, 0.001, 'regression') : 5.732670416927744
(200, 1, 32, 75, 14, 1, 1, 0.0, 0.001, 'regression') : 5.767577800453358
(150, 1, 32, 75, 14, 1, 1, 0.0, 0.0005, 'regression') : 5.81009006214151
(150, 1, 32, 75, 14, 1, 1, 0.2, 0.0005, 'regression') : 5.817211129004393
(400, 1, 32, 75, 14, 1, 1, 0.0, 0.001, 'regression') : 5.852185222320509
(400, 1, 32, 75, 14, 1, 1, 0.2, 0.0005, 'regression') : 5.88519819739129
(70, 1, 32, 75, 14, 1, 1, 0.4, 0.0005, 'regression') : 6.059309746670263
(200, 1, 32, 75, 14, 1, 1, 0.2, 0.001, 'regression') : 6.153384294871106
(200, 1, 32, 75, 14, 1, 1, 0.2, 0.0005, 'regression') : 6.195324402368911
(150, 1, 32, 75, 14, 1, 1, 0.4, 0.0005, 'regression') : 6.235887441844274
(100, 1, 32, 75, 14, 1, 1, 0.0, 0.001, 'regression') : 6.251232551159772
(400, 1, 32, 75, 14, 1, 1, 0.4, 0.001, 'regression') : 6.342978995945417
(100, 1, 32, 75, 14, 1, 1, 0.4, 0.001, 'regression') : 6.557023816853646
(400, 1, 32, 75, 14, 1, 1, 0.4, 0.0005, 'regression') : 6.594674359358189
(100, 1, 32, 75, 14, 1, 1, 0.4, 0.0005, 'regression') : 6.653452578412524
(100, 1, 32, 75, 14, 1, 1, 0.2, 0.001, 'regression') : 6.680867527190463
(70, 1, 32, 75, 14, 1, 1, 0.2, 0.001, 'regression') : 6.706856864314209
(70, 1, 32, 75, 14, 1, 1, 0.0, 0.001, 'regression') : 7.172521150723412
(100, 1, 32, 75, 14, 1, 1, 0.0, 0.0005, 'regression') : 7.502682528840623
(200, 1, 32, 75, 14, 1, 1, 0.2, 0.005, 'regression') : 7.701129834246714
(100, 1, 32, 75, 14, 1, 1, 0.2, 0.005, 'regression') : 8.2508357951422
(400, 1, 32, 75, 14, 1, 1, 0.4, 0.005, 'regression') : 8.668569861475708
(150, 1, 32, 75, 14, 1, 1, 0.4, 0.005, 'regression') : 8.775895938748844
(70, 1, 32, 75, 14, 1, 1, 0.4, 0.005, 'regression') : 9.065946554349319
(70, 1, 32, 75, 14, 1, 1, 0.0, 0.005, 'regression') : 9.26700488070044
(200, 1, 32, 75, 14, 1, 1, 0.0, 0.005, 'regression') : 9.485980024643432
(100, 1, 32, 75, 14, 1, 1, 0.0, 0.005, 'regression') : 9.841471697295228
(150, 1, 32, 75, 14, 1, 1, 0.0, 0.005, 'regression') : 10.220661362900609
(200, 1, 32, 75, 14, 1, 1, 0.4, 0.005, 'regression') : 10.478966590232575
(400, 1, 32, 75, 14, 1, 1, 0.2, 0.005, 'regression') : 10.639340382673028
(100, 1, 32, 75, 14, 1, 1, 0.4, 0.005, 'regression') : 10.851739883052124
(70, 1, 32, 75, 14, 1, 1, 0.2, 0.005, 'regression') : 11.024746134829446
(400, 1, 32, 75, 14, 1, 1, 0.0, 0.005, 'regression') : 11.146686966201615
(150, 1, 32, 75, 14, 1, 1, 0.2, 0.005, 'regression') : 12.552325486180724
