Best Hyperparameter:(70, 1, 8, 75, 14, 1, 1, 0.0, 0.001, 'regression')

All Results:
(70, 1, 8, 75, 14, 1, 1, 0.0, 0.001, 'regression') : 3.752633098284904
(70, 1, 8, 75, 14, 1, 1, 0.4, 0.001, 'regression') : 3.7606857940062013
(100, 1, 8, 75, 14, 1, 1, 0.4, 0.0005, 'regression') : 3.8986824562744467
(200, 1, 8, 75, 14, 1, 1, 0.2, 0.0005, 'regression') : 3.9148227782433525
(100, 1, 8, 75, 14, 1, 1, 0.4, 0.001, 'regression') : 3.98341484300011
(150, 1, 8, 75, 14, 1, 1, 0.2, 0.001, 'regression') : 4.089779119386049
(150, 1, 8, 75, 14, 1, 1, 0.0, 0.001, 'regression') : 4.130625588890723
(100, 1, 8, 75, 14, 1, 1, 0.0, 0.001, 'regression') : 4.170361930061579
(100, 1, 8, 75, 14, 1, 1, 0.2, 0.0005, 'regression') : 4.21124717790803
(200, 1, 8, 75, 14, 1, 1, 0.2, 0.001, 'regression') : 4.262051456946805
(200, 1, 8, 75, 14, 1, 1, 0.4, 0.005, 'regression') : 4.315610637948711
(150, 1, 8, 75, 14, 1, 1, 0.0, 0.0005, 'regression') : 4.325525186921338
(70, 1, 8, 75, 14, 1, 1, 0.4, 0.005, 'regression') : 4.327316681700518
(70, 1, 8, 75, 14, 1, 1, 0.2, 0.005, 'regression') : 4.376112140231827
(400, 1, 8, 75, 14, 1, 1, 0.4, 0.0005, 'regression') : 4.404824916046993
(100, 1, 8, 75, 14, 1, 1, 0.4, 0.005, 'regression') : 4.428200113575585
(400, 1, 8, 75, 14, 1, 1, 0.0, 0.001, 'regression') : 4.499397641554031
(100, 1, 8, 75, 14, 1, 1, 0.2, 0.001, 'regression') : 4.511286641873759
(400, 1, 8, 75, 14, 1, 1, 0.2, 0.001, 'regression') : 4.513716555148624
(70, 1, 8, 75, 14, 1, 1, 0.2, 0.001, 'regression') : 4.525885243670055
(200, 1, 8, 75, 14, 1, 1, 0.4, 0.001, 'regression') : 4.536128075417221
(400, 1, 8, 75, 14, 1, 1, 0.4, 0.001, 'regression') : 4.570748710812346
(400, 1, 8, 75, 14, 1, 1, 0.0, 0.005, 'regression') : 4.603251099332324
(100, 1, 8, 75, 14, 1, 1, 0.0, 0.005, 'regression') : 4.603762763602741
(70, 1, 8, 75, 14, 1, 1, 0.4, 0.0005, 'regression') : 4.606140143874962
(200, 1, 8, 75, 14, 1, 1, 0.2, 0.005, 'regression') : 4.627550733015715
(200, 1, 8, 75, 14, 1, 1, 0.0, 0.001, 'regression') : 4.637984488492863
(100, 1, 8, 75, 14, 1, 1, 0.0, 0.0005, 'regression') : 4.642685278993623
(400, 1, 8, 75, 14, 1, 1, 0.0, 0.0005, 'regression') : 4.667471911242972
(150, 1, 8, 75, 14, 1, 1, 0.4, 0.001, 'regression') : 4.674804566365344
(70, 1, 8, 75, 14, 1, 1, 0.2, 0.0005, 'regression') : 4.6897543263153745
(150, 1, 8, 75, 14, 1, 1, 0.4, 0.005, 'regression') : 4.69072454464328
(150, 1, 8, 75, 14, 1, 1, 0.4, 0.0005, 'regression') : 4.695714646953158
(150, 1, 8, 75, 14, 1, 1, 0.2, 0.005, 'regression') : 4.767936580415519
(150, 1, 8, 75, 14, 1, 1, 0.2, 0.0005, 'regression') : 4.8049258341061964
(400, 1, 8, 75, 14, 1, 1, 0.2, 0.0005, 'regression') : 4.808208909751672
(70, 1, 8, 75, 14, 1, 1, 0.0, 0.0005, 'regression') : 4.837320486240373
(150, 1, 8, 75, 14, 1, 1, 0.0, 0.005, 'regression') : 4.841923316211352
(100, 1, 8, 75, 14, 1, 1, 0.2, 0.005, 'regression') : 4.897378952272045
(200, 1, 8, 75, 14, 1, 1, 0.0, 0.0005, 'regression') : 5.062068138080647
(400, 1, 8, 75, 14, 1, 1, 0.2, 0.005, 'regression') : 5.070254847334549
(150, 1, 32, 75, 14, 1, 1, 0.2, 0.0005, 'regression') : 5.1591635305748245
(200, 1, 8, 75, 14, 1, 1, 0.0, 0.005, 'regression') : 5.196760107417356
(200, 1, 8, 75, 14, 1, 1, 0.4, 0.0005, 'regression') : 5.22151252287005
(70, 1, 32, 75, 14, 1, 1, 0.0, 0.001, 'regression') : 5.258320750833974
(400, 1, 32, 75, 14, 1, 1, 0.4, 0.0005, 'regression') : 5.6376692311309355
(200, 1, 32, 75, 14, 1, 1, 0.4, 0.001, 'regression') : 5.704117601175039
(150, 1, 32, 75, 14, 1, 1, 0.4, 0.001, 'regression') : 5.706887943635801
(400, 1, 8, 75, 14, 1, 1, 0.4, 0.005, 'regression') : 5.762377380638256
(150, 1, 32, 75, 14, 1, 1, 0.0, 0.001, 'regression') : 5.971815441586275
(100, 1, 32, 75, 14, 1, 1, 0.4, 0.0005, 'regression') : 6.027256282412938
(150, 1, 32, 75, 14, 1, 1, 0.4, 0.0005, 'regression') : 6.107454383080238
(70, 1, 8, 75, 14, 1, 1, 0.0, 0.005, 'regression') : 6.123695032278044
(100, 1, 32, 75, 14, 1, 1, 0.0, 0.001, 'regression') : 6.225142655577787
(400, 1, 32, 75, 14, 1, 1, 0.0, 0.0005, 'regression') : 6.257272480486725
(150, 1, 32, 75, 14, 1, 1, 0.2, 0.001, 'regression') : 6.332143512152281
(400, 1, 32, 75, 14, 1, 1, 0.0, 0.001, 'regression') : 6.388610993327615
(70, 1, 32, 75, 14, 1, 1, 0.4, 0.001, 'regression') : 6.439943000973129
(200, 1, 32, 75, 14, 1, 1, 0.2, 0.001, 'regression') : 6.4553398431450475
(70, 1, 32, 75, 14, 1, 1, 0.0, 0.0005, 'regression') : 6.465177034402155
(200, 1, 32, 75, 14, 1, 1, 0.2, 0.0005, 'regression') : 6.487789196541527
(100, 1, 32, 75, 14, 1, 1, 0.4, 0.001, 'regression') : 6.612218253256647
(200, 1, 32, 75, 14, 1, 1, 0.4, 0.0005, 'regression') : 6.658997715858844
(70, 1, 32, 75, 14, 1, 1, 0.4, 0.0005, 'regression') : 6.7620071350403155
(400, 1, 32, 75, 14, 1, 1, 0.2, 0.001, 'regression') : 6.90821245880322
(100, 1, 32, 75, 14, 1, 1, 0.0, 0.0005, 'regression') : 6.918614151241764
(100, 1, 32, 75, 14, 1, 1, 0.2, 0.001, 'regression') : 6.967721219894578
(400, 1, 32, 75, 14, 1, 1, 0.4, 0.001, 'regression') : 6.971268175432948
(150, 1, 32, 75, 14, 1, 1, 0.0, 0.0005, 'regression') : 7.020248474685697
(200, 1, 32, 75, 14, 1, 1, 0.0, 0.0005, 'regression') : 7.164721825251286
(70, 1, 32, 75, 14, 1, 1, 0.2, 0.0005, 'regression') : 7.2190364368853395
(100, 1, 32, 75, 14, 1, 1, 0.2, 0.0005, 'regression') : 7.436616728144363
(400, 1, 32, 75, 14, 1, 1, 0.2, 0.0005, 'regression') : 8.001818370564695
(150, 1, 32, 75, 14, 1, 1, 0.2, 0.005, 'regression') : 8.108843232723444
(100, 1, 32, 75, 14, 1, 1, 0.4, 0.005, 'regression') : 8.407905665180333
(150, 1, 32, 75, 14, 1, 1, 0.4, 0.005, 'regression') : 8.455286735933749
(200, 1, 32, 75, 14, 1, 1, 0.0, 0.001, 'regression') : 8.496658698491993
(150, 1, 32, 75, 14, 1, 1, 0.0, 0.005, 'regression') : 8.693037236109593
(400, 1, 32, 75, 14, 1, 1, 0.0, 0.005, 'regression') : 9.506365071357454
(70, 1, 32, 75, 14, 1, 1, 0.2, 0.001, 'regression') : 9.538653217772524
(400, 1, 32, 75, 14, 1, 1, 0.4, 0.005, 'regression') : 9.559515812453997
(200, 1, 32, 75, 14, 1, 1, 0.4, 0.005, 'regression') : 10.042849498370582
(70, 1, 32, 75, 14, 1, 1, 0.0, 0.005, 'regression') : 10.118456784904291
(400, 1, 32, 75, 14, 1, 1, 0.2, 0.005, 'regression') : 10.162877459257457
(200, 1, 32, 75, 14, 1, 1, 0.2, 0.005, 'regression') : 10.412711021735712
(70, 1, 32, 75, 14, 1, 1, 0.4, 0.005, 'regression') : 10.545120639710793
(100, 1, 32, 75, 14, 1, 1, 0.0, 0.005, 'regression') : 10.546789014560138
(100, 1, 32, 75, 14, 1, 1, 0.2, 0.005, 'regression') : 10.622428808658094
(70, 1, 32, 75, 14, 1, 1, 0.2, 0.005, 'regression') : 10.7389348970633
(200, 1, 32, 75, 14, 1, 1, 0.0, 0.005, 'regression') : 12.658591105092885
