Best Hyperparameter:(200, 1, 8, 75, 14, 1, 1, 0.4, 0.001, 'regression')

All Results:
(200, 1, 8, 75, 14, 1, 1, 0.4, 0.001, 'regression') : 3.2474985022908003
(70, 1, 8, 75, 14, 1, 1, 0.4, 0.001, 'regression') : 3.3887111074704714
(400, 1, 8, 75, 14, 1, 1, 0.2, 0.001, 'regression') : 3.4408034465359854
(400, 1, 8, 75, 14, 1, 1, 0.4, 0.0005, 'regression') : 3.4421684711313327
(200, 1, 8, 75, 14, 1, 1, 0.4, 0.005, 'regression') : 3.4850925593774122
(70, 1, 8, 75, 14, 1, 1, 0.0, 0.001, 'regression') : 3.5018534120515206
(150, 1, 8, 75, 14, 1, 1, 0.4, 0.0005, 'regression') : 3.5071034419398517
(100, 1, 8, 75, 14, 1, 1, 0.4, 0.001, 'regression') : 3.53326877341413
(100, 1, 8, 75, 14, 1, 1, 0.2, 0.001, 'regression') : 3.53698060688156
(150, 1, 8, 75, 14, 1, 1, 0.0, 0.005, 'regression') : 3.5726459398421055
(150, 1, 8, 75, 14, 1, 1, 0.2, 0.001, 'regression') : 3.6137924456224177
(200, 1, 8, 75, 14, 1, 1, 0.4, 0.0005, 'regression') : 3.624052199671784
(150, 1, 8, 75, 14, 1, 1, 0.4, 0.001, 'regression') : 3.656919498561206
(200, 1, 8, 75, 14, 1, 1, 0.2, 0.001, 'regression') : 3.693192366357111
(150, 1, 8, 75, 14, 1, 1, 0.4, 0.005, 'regression') : 3.705783835182973
(200, 1, 8, 75, 14, 1, 1, 0.2, 0.0005, 'regression') : 3.7641620885838094
(400, 1, 8, 75, 14, 1, 1, 0.0, 0.005, 'regression') : 3.7807035384055148
(100, 1, 8, 75, 14, 1, 1, 0.2, 0.0005, 'regression') : 3.8098346286425824
(150, 1, 8, 75, 14, 1, 1, 0.0, 0.001, 'regression') : 3.8304543045619908
(200, 1, 8, 75, 14, 1, 1, 0.2, 0.005, 'regression') : 3.8422984755108436
(100, 1, 8, 75, 14, 1, 1, 0.2, 0.005, 'regression') : 3.8685002814847365
(70, 1, 8, 75, 14, 1, 1, 0.2, 0.001, 'regression') : 3.9182780100374144
(400, 1, 8, 75, 14, 1, 1, 0.2, 0.005, 'regression') : 3.9287479354992394
(70, 1, 8, 75, 14, 1, 1, 0.2, 0.005, 'regression') : 3.929148750016529
(400, 1, 8, 75, 14, 1, 1, 0.0, 0.001, 'regression') : 3.9307976745985784
(70, 1, 8, 75, 14, 1, 1, 0.2, 0.0005, 'regression') : 3.9539736831307586
(200, 1, 8, 75, 14, 1, 1, 0.0, 0.0005, 'regression') : 3.978087318046741
(400, 1, 8, 75, 14, 1, 1, 0.4, 0.005, 'regression') : 4.005262566971926
(100, 1, 8, 75, 14, 1, 1, 0.4, 0.0005, 'regression') : 4.005909091060891
(150, 1, 8, 75, 14, 1, 1, 0.0, 0.0005, 'regression') : 4.013178673765751
(400, 1, 8, 75, 14, 1, 1, 0.2, 0.0005, 'regression') : 4.0763780822913205
(100, 1, 8, 75, 14, 1, 1, 0.0, 0.001, 'regression') : 4.122471581878862
(150, 1, 32, 75, 14, 1, 1, 0.0, 0.001, 'regression') : 4.123644099524984
(150, 1, 8, 75, 14, 1, 1, 0.2, 0.005, 'regression') : 4.1473565407849
(150, 1, 32, 75, 14, 1, 1, 0.2, 0.001, 'regression') : 4.19449510651801
(100, 1, 8, 75, 14, 1, 1, 0.0, 0.0005, 'regression') : 4.208094661211904
(150, 1, 8, 75, 14, 1, 1, 0.2, 0.0005, 'regression') : 4.221836990791249
(200, 1, 8, 75, 14, 1, 1, 0.0, 0.001, 'regression') : 4.234240850613975
(70, 1, 8, 75, 14, 1, 1, 0.0, 0.0005, 'regression') : 4.235997911029354
(100, 1, 8, 75, 14, 1, 1, 0.4, 0.005, 'regression') : 4.333366836325497
(400, 1, 8, 75, 14, 1, 1, 0.0, 0.0005, 'regression') : 4.427290440211902
(400, 1, 8, 75, 14, 1, 1, 0.4, 0.001, 'regression') : 4.439250219526571
(70, 1, 8, 75, 14, 1, 1, 0.0, 0.005, 'regression') : 4.484721968733298
(100, 1, 8, 75, 14, 1, 1, 0.0, 0.005, 'regression') : 4.5356478432209695
(200, 1, 8, 75, 14, 1, 1, 0.0, 0.005, 'regression') : 4.570172220160294
(70, 1, 8, 75, 14, 1, 1, 0.4, 0.005, 'regression') : 4.652001260214206
(400, 1, 32, 75, 14, 1, 1, 0.0, 0.001, 'regression') : 4.678075380605271
(70, 1, 32, 75, 14, 1, 1, 0.2, 0.001, 'regression') : 4.942673570703921
(70, 1, 8, 75, 14, 1, 1, 0.4, 0.0005, 'regression') : 4.948023463041669
(100, 1, 32, 75, 14, 1, 1, 0.2, 0.001, 'regression') : 5.092728635507516
(200, 1, 32, 75, 14, 1, 1, 0.4, 0.0005, 'regression') : 5.247589892134607
(200, 1, 32, 75, 14, 1, 1, 0.0, 0.0005, 'regression') : 5.317641360966929
(100, 1, 32, 75, 14, 1, 1, 0.0, 0.0005, 'regression') : 5.4628000821459235
(100, 1, 32, 75, 14, 1, 1, 0.4, 0.0005, 'regression') : 5.497528358918334
(200, 1, 32, 75, 14, 1, 1, 0.2, 0.0005, 'regression') : 5.510600746697416
(100, 1, 32, 75, 14, 1, 1, 0.2, 0.0005, 'regression') : 5.599519001607137
(200, 1, 32, 75, 14, 1, 1, 0.0, 0.001, 'regression') : 5.649280023557078
(70, 1, 32, 75, 14, 1, 1, 0.4, 0.0005, 'regression') : 5.65090332535919
(70, 1, 32, 75, 14, 1, 1, 0.4, 0.001, 'regression') : 5.661210613361555
(100, 1, 32, 75, 14, 1, 1, 0.0, 0.001, 'regression') : 5.685298231695021
(150, 1, 32, 75, 14, 1, 1, 0.0, 0.0005, 'regression') : 5.688285875920555
(400, 1, 32, 75, 14, 1, 1, 0.2, 0.0005, 'regression') : 5.71326276654497
(70, 1, 32, 75, 14, 1, 1, 0.0, 0.0005, 'regression') : 5.804573731004059
(400, 1, 32, 75, 14, 1, 1, 0.2, 0.001, 'regression') : 5.923941476104472
(200, 1, 32, 75, 14, 1, 1, 0.4, 0.001, 'regression') : 5.993978795982313
(70, 1, 32, 75, 14, 1, 1, 0.0, 0.001, 'regression') : 6.121082072547849
(100, 1, 32, 75, 14, 1, 1, 0.4, 0.001, 'regression') : 6.161316383346351
(400, 1, 32, 75, 14, 1, 1, 0.0, 0.0005, 'regression') : 6.231675028557172
(150, 1, 32, 75, 14, 1, 1, 0.4, 0.001, 'regression') : 6.24317059364802
(150, 1, 32, 75, 14, 1, 1, 0.4, 0.0005, 'regression') : 6.277277274911384
(400, 1, 32, 75, 14, 1, 1, 0.4, 0.0005, 'regression') : 6.349580157292781
(400, 1, 32, 75, 14, 1, 1, 0.4, 0.001, 'regression') : 6.484181378944422
(200, 1, 32, 75, 14, 1, 1, 0.2, 0.001, 'regression') : 6.522078459203589
(70, 1, 32, 75, 14, 1, 1, 0.2, 0.0005, 'regression') : 6.580137100569114
(150, 1, 32, 75, 14, 1, 1, 0.2, 0.0005, 'regression') : 6.585014414801513
(150, 1, 32, 75, 14, 1, 1, 0.4, 0.005, 'regression') : 7.1898753136141
(150, 1, 32, 75, 14, 1, 1, 0.0, 0.005, 'regression') : 7.621669235703026
(150, 1, 32, 75, 14, 1, 1, 0.2, 0.005, 'regression') : 7.833166343233451
(200, 1, 32, 75, 14, 1, 1, 0.0, 0.005, 'regression') : 8.03433529406314
(400, 1, 32, 75, 14, 1, 1, 0.2, 0.005, 'regression') : 8.33113249182903
(70, 1, 32, 75, 14, 1, 1, 0.2, 0.005, 'regression') : 8.332542833135259
(100, 1, 32, 75, 14, 1, 1, 0.4, 0.005, 'regression') : 8.434464788191557
(400, 1, 32, 75, 14, 1, 1, 0.0, 0.005, 'regression') : 8.4628015719352
(100, 1, 32, 75, 14, 1, 1, 0.2, 0.005, 'regression') : 8.669489113089181
(400, 1, 32, 75, 14, 1, 1, 0.4, 0.005, 'regression') : 9.03135233673471
(70, 1, 32, 75, 14, 1, 1, 0.0, 0.005, 'regression') : 9.225809528294446
(70, 1, 32, 75, 14, 1, 1, 0.4, 0.005, 'regression') : 10.1279318439898
(200, 1, 32, 75, 14, 1, 1, 0.2, 0.005, 'regression') : 10.182636067473352
(200, 1, 32, 75, 14, 1, 1, 0.4, 0.005, 'regression') : 10.642736586662142
(100, 1, 32, 75, 14, 1, 1, 0.0, 0.005, 'regression') : 11.584190769051315
