Best Hyperparameter:(200, 1, 8, 75, 14, 1, 1, 0.2, 0.0005, 'regression')

All Results:
(200, 1, 8, 75, 14, 1, 1, 0.2, 0.0005, 'regression') : 6.211257926127553
(70, 1, 8, 75, 14, 1, 1, 0.0, 0.0005, 'regression') : 6.420330336506154
(70, 1, 8, 75, 14, 1, 1, 0.2, 0.001, 'regression') : 6.575942084744699
(200, 1, 8, 75, 14, 1, 1, 0.4, 0.001, 'regression') : 6.675692820159222
(70, 1, 32, 75, 14, 1, 1, 0.4, 0.001, 'regression') : 7.032952242197176
(100, 1, 32, 75, 14, 1, 1, 0.0, 0.001, 'regression') : 7.151466112381861
(100, 1, 8, 75, 14, 1, 1, 0.0, 0.0005, 'regression') : 7.155759765093182
(400, 1, 32, 75, 14, 1, 1, 0.0, 0.001, 'regression') : 7.155881201507844
(70, 1, 8, 75, 14, 1, 1, 0.4, 0.001, 'regression') : 7.170921017490445
(150, 1, 8, 75, 14, 1, 1, 0.4, 0.0005, 'regression') : 7.173546501013588
(400, 1, 32, 75, 14, 1, 1, 0.2, 0.001, 'regression') : 7.180190141615751
(150, 1, 32, 75, 14, 1, 1, 0.0, 0.0005, 'regression') : 7.246542136551554
(70, 1, 8, 75, 14, 1, 1, 0.0, 0.001, 'regression') : 7.278325670349306
(400, 1, 8, 75, 14, 1, 1, 0.2, 0.001, 'regression') : 7.357620832139595
(400, 1, 8, 75, 14, 1, 1, 0.0, 0.001, 'regression') : 7.393699720175597
(200, 1, 8, 75, 14, 1, 1, 0.2, 0.001, 'regression') : 7.4573784867591915
(400, 1, 32, 75, 14, 1, 1, 0.4, 0.001, 'regression') : 7.46632410569846
(100, 1, 32, 75, 14, 1, 1, 0.2, 0.001, 'regression') : 7.476705534114378
(200, 1, 8, 75, 14, 1, 1, 0.4, 0.0005, 'regression') : 7.478920686756449
(400, 1, 8, 75, 14, 1, 1, 0.0, 0.0005, 'regression') : 7.568042785896717
(200, 1, 32, 75, 14, 1, 1, 0.2, 0.001, 'regression') : 7.654265764353488
(200, 1, 32, 75, 14, 1, 1, 0.0, 0.001, 'regression') : 7.654851784546006
(100, 1, 8, 75, 14, 1, 1, 0.4, 0.001, 'regression') : 7.666448273082966
(150, 1, 8, 75, 14, 1, 1, 0.0, 0.0005, 'regression') : 7.725377332651506
(150, 1, 32, 75, 14, 1, 1, 0.4, 0.001, 'regression') : 7.746666007858489
(70, 1, 32, 75, 14, 1, 1, 0.0, 0.001, 'regression') : 7.782145996974217
(150, 1, 32, 75, 14, 1, 1, 0.0, 0.001, 'regression') : 7.791308881162299
(70, 1, 32, 75, 14, 1, 1, 0.2, 0.001, 'regression') : 7.800572566681156
(150, 1, 32, 75, 14, 1, 1, 0.2, 0.0005, 'regression') : 7.8006082490395325
(150, 1, 32, 75, 14, 1, 1, 0.2, 0.001, 'regression') : 7.809008742823318
(150, 1, 8, 75, 14, 1, 1, 0.2, 0.0005, 'regression') : 7.8183329382286555
(150, 1, 8, 75, 14, 1, 1, 0.4, 0.001, 'regression') : 7.821436734166878
(70, 1, 8, 75, 14, 1, 1, 0.4, 0.0005, 'regression') : 7.886993826109114
(200, 1, 32, 75, 14, 1, 1, 0.4, 0.001, 'regression') : 7.90310266593981
(400, 1, 8, 75, 14, 1, 1, 0.2, 0.0005, 'regression') : 7.906315200614398
(200, 1, 32, 75, 14, 1, 1, 0.2, 0.0005, 'regression') : 7.977055089609957
(200, 1, 8, 75, 14, 1, 1, 0.0, 0.0005, 'regression') : 8.013340603063723
(100, 1, 32, 75, 14, 1, 1, 0.4, 0.0005, 'regression') : 8.031365737322991
(100, 1, 32, 75, 14, 1, 1, 0.2, 0.0005, 'regression') : 8.05910015257343
(100, 1, 32, 75, 14, 1, 1, 0.4, 0.001, 'regression') : 8.080335215697671
(70, 1, 8, 75, 14, 1, 1, 0.2, 0.0005, 'regression') : 8.117335066178239
(400, 1, 32, 75, 14, 1, 1, 0.0, 0.0005, 'regression') : 8.13196425537661
(70, 1, 32, 75, 14, 1, 1, 0.4, 0.0005, 'regression') : 8.21619087823288
(70, 1, 32, 75, 14, 1, 1, 0.2, 0.0005, 'regression') : 8.230309862475108
(400, 1, 32, 75, 14, 1, 1, 0.2, 0.0005, 'regression') : 8.302140876006451
(100, 1, 32, 75, 14, 1, 1, 0.0, 0.005, 'regression') : 8.322623959657099
(100, 1, 8, 75, 14, 1, 1, 0.2, 0.0005, 'regression') : 8.358960847966795
(100, 1, 8, 75, 14, 1, 1, 0.2, 0.001, 'regression') : 8.450443089161986
(200, 1, 32, 75, 14, 1, 1, 0.0, 0.0005, 'regression') : 8.461682375181423
(100, 1, 8, 75, 14, 1, 1, 0.4, 0.0005, 'regression') : 8.496663090992275
(200, 1, 8, 75, 14, 1, 1, 0.0, 0.001, 'regression') : 8.567410712452128
(150, 1, 8, 75, 14, 1, 1, 0.2, 0.001, 'regression') : 8.641828595712333
(400, 1, 8, 75, 14, 1, 1, 0.4, 0.0005, 'regression') : 8.689207331321244
(200, 1, 32, 75, 14, 1, 1, 0.4, 0.0005, 'regression') : 8.721259039962854
(150, 1, 32, 75, 14, 1, 1, 0.4, 0.0005, 'regression') : 8.739360335836446
(70, 1, 32, 75, 14, 1, 1, 0.0, 0.0005, 'regression') : 8.837463554614011
(400, 1, 32, 75, 14, 1, 1, 0.4, 0.0005, 'regression') : 8.88018854149077
(100, 1, 32, 75, 14, 1, 1, 0.0, 0.0005, 'regression') : 8.946352698666917
(70, 1, 32, 75, 14, 1, 1, 0.2, 0.005, 'regression') : 9.088326929306117
(100, 1, 8, 75, 14, 1, 1, 0.0, 0.001, 'regression') : 9.122366525780231
(400, 1, 32, 75, 14, 1, 1, 0.0, 0.005, 'regression') : 9.150657716507563
(200, 1, 32, 75, 14, 1, 1, 0.4, 0.005, 'regression') : 9.200613487696666
(400, 1, 8, 75, 14, 1, 1, 0.4, 0.001, 'regression') : 9.241330464370495
(100, 1, 8, 75, 14, 1, 1, 0.2, 0.005, 'regression') : 9.490199871797358
(100, 1, 32, 75, 14, 1, 1, 0.4, 0.005, 'regression') : 9.537943670572238
(70, 1, 8, 75, 14, 1, 1, 0.4, 0.005, 'regression') : 9.738776121252863
(400, 1, 32, 75, 14, 1, 1, 0.2, 0.005, 'regression') : 9.794015785483374
(400, 1, 8, 75, 14, 1, 1, 0.4, 0.005, 'regression') : 9.811259446730578
(150, 1, 8, 75, 14, 1, 1, 0.0, 0.001, 'regression') : 9.922428554647922
(200, 1, 32, 75, 14, 1, 1, 0.0, 0.005, 'regression') : 9.930070735617614
(150, 1, 32, 75, 14, 1, 1, 0.0, 0.005, 'regression') : 9.959391403874752
(400, 1, 8, 75, 14, 1, 1, 0.0, 0.005, 'regression') : 9.987827167500337
(150, 1, 8, 75, 14, 1, 1, 0.2, 0.005, 'regression') : 10.091703389914917
(150, 1, 32, 75, 14, 1, 1, 0.2, 0.005, 'regression') : 10.231268483627838
(150, 1, 32, 75, 14, 1, 1, 0.4, 0.005, 'regression') : 10.343144045384959
(150, 1, 8, 75, 14, 1, 1, 0.4, 0.005, 'regression') : 10.708782362125026
(400, 1, 32, 75, 14, 1, 1, 0.4, 0.005, 'regression') : 10.767335320982937
(100, 1, 32, 75, 14, 1, 1, 0.2, 0.005, 'regression') : 11.024868151933475
(70, 1, 32, 75, 14, 1, 1, 0.0, 0.005, 'regression') : 11.441119781634596
(200, 1, 8, 75, 14, 1, 1, 0.4, 0.005, 'regression') : 11.483107811573763
(150, 1, 8, 75, 14, 1, 1, 0.0, 0.005, 'regression') : 11.624196263846937
(100, 1, 8, 75, 14, 1, 1, 0.0, 0.005, 'regression') : 11.66780111605799
(400, 1, 8, 75, 14, 1, 1, 0.2, 0.005, 'regression') : 11.854923271014046
(200, 1, 8, 75, 14, 1, 1, 0.2, 0.005, 'regression') : 12.193258749696689
(200, 1, 8, 75, 14, 1, 1, 0.0, 0.005, 'regression') : 12.431874401979522
(200, 1, 32, 75, 14, 1, 1, 0.2, 0.005, 'regression') : 12.453026363137278
(100, 1, 8, 75, 14, 1, 1, 0.4, 0.005, 'regression') : 12.652195323780983
(70, 1, 8, 75, 14, 1, 1, 0.0, 0.005, 'regression') : 12.835067740242303
(70, 1, 8, 75, 14, 1, 1, 0.2, 0.005, 'regression') : 13.183927132441406
(70, 1, 32, 75, 14, 1, 1, 0.4, 0.005, 'regression') : 13.505363054512694
