Best Hyperparameter:(400, 1, 8, 75, 14, 1, 1, 0.2, 0.0005, 'regression')

All Results:
(400, 1, 8, 75, 14, 1, 1, 0.2, 0.0005, 'regression') : 6.372964236816055
(70, 1, 32, 75, 14, 1, 1, 0.2, 0.001, 'regression') : 6.384876388992249
(70, 1, 8, 75, 14, 1, 1, 0.4, 0.0005, 'regression') : 6.478168231796458
(200, 1, 8, 75, 14, 1, 1, 0.2, 0.001, 'regression') : 6.483181905640803
(70, 1, 8, 75, 14, 1, 1, 0.2, 0.001, 'regression') : 6.50081633056991
(100, 1, 32, 75, 14, 1, 1, 0.0, 0.001, 'regression') : 6.595725597474946
(400, 1, 32, 75, 14, 1, 1, 0.0, 0.001, 'regression') : 6.7657588299825395
(400, 1, 32, 75, 14, 1, 1, 0.4, 0.001, 'regression') : 6.776127734076111
(400, 1, 8, 75, 14, 1, 1, 0.2, 0.001, 'regression') : 6.812371615517202
(200, 1, 32, 75, 14, 1, 1, 0.4, 0.001, 'regression') : 6.820297541768701
(200, 1, 8, 75, 14, 1, 1, 0.4, 0.0005, 'regression') : 6.892379672268445
(100, 1, 32, 75, 14, 1, 1, 0.2, 0.001, 'regression') : 6.909612975523328
(70, 1, 32, 75, 14, 1, 1, 0.0, 0.0005, 'regression') : 6.912440871821461
(400, 1, 8, 75, 14, 1, 1, 0.4, 0.0005, 'regression') : 6.922304308157974
(400, 1, 32, 75, 14, 1, 1, 0.2, 0.001, 'regression') : 6.924133116332484
(100, 1, 8, 75, 14, 1, 1, 0.4, 0.0005, 'regression') : 6.924465267948617
(70, 1, 32, 75, 14, 1, 1, 0.4, 0.001, 'regression') : 6.982094129407853
(200, 1, 32, 75, 14, 1, 1, 0.2, 0.001, 'regression') : 7.074306552225972
(200, 1, 32, 75, 14, 1, 1, 0.0, 0.001, 'regression') : 7.074414799089034
(150, 1, 32, 75, 14, 1, 1, 0.4, 0.001, 'regression') : 7.077741574386319
(150, 1, 8, 75, 14, 1, 1, 0.4, 0.0005, 'regression') : 7.080689727222638
(200, 1, 8, 75, 14, 1, 1, 0.4, 0.001, 'regression') : 7.082629843564281
(100, 1, 8, 75, 14, 1, 1, 0.2, 0.0005, 'regression') : 7.0829835083388675
(100, 1, 8, 75, 14, 1, 1, 0.4, 0.001, 'regression') : 7.119774049759864
(150, 1, 32, 75, 14, 1, 1, 0.0, 0.001, 'regression') : 7.142093384406431
(70, 1, 8, 75, 14, 1, 1, 0.4, 0.001, 'regression') : 7.142883188051559
(100, 1, 8, 75, 14, 1, 1, 0.0, 0.0005, 'regression') : 7.148298383735411
(70, 1, 8, 75, 14, 1, 1, 0.0, 0.0005, 'regression') : 7.165721505909119
(400, 1, 8, 75, 14, 1, 1, 0.0, 0.001, 'regression') : 7.168461450795488
(150, 1, 32, 75, 14, 1, 1, 0.2, 0.001, 'regression') : 7.196619769794644
(400, 1, 32, 75, 14, 1, 1, 0.2, 0.0005, 'regression') : 7.234244001961817
(70, 1, 32, 75, 14, 1, 1, 0.0, 0.001, 'regression') : 7.243309450125191
(200, 1, 32, 75, 14, 1, 1, 0.2, 0.0005, 'regression') : 7.26026958424504
(150, 1, 8, 75, 14, 1, 1, 0.2, 0.001, 'regression') : 7.270496936832792
(150, 1, 32, 75, 14, 1, 1, 0.2, 0.0005, 'regression') : 7.360491662251448
(100, 1, 32, 75, 14, 1, 1, 0.0, 0.0005, 'regression') : 7.361200207444902
(70, 1, 8, 75, 14, 1, 1, 0.2, 0.0005, 'regression') : 7.377905551030326
(200, 1, 8, 75, 14, 1, 1, 0.0, 0.001, 'regression') : 7.487360441778099
(200, 1, 32, 75, 14, 1, 1, 0.0, 0.0005, 'regression') : 7.520807548747979
(70, 1, 8, 75, 14, 1, 1, 0.0, 0.001, 'regression') : 7.530900683611226
(150, 1, 8, 75, 14, 1, 1, 0.2, 0.0005, 'regression') : 7.600855311177661
(100, 1, 32, 75, 14, 1, 1, 0.4, 0.0005, 'regression') : 7.6261166149565
(100, 1, 32, 75, 14, 1, 1, 0.4, 0.001, 'regression') : 7.679422494582705
(150, 1, 32, 75, 14, 1, 1, 0.0, 0.0005, 'regression') : 7.769153729783082
(400, 1, 8, 75, 14, 1, 1, 0.0, 0.0005, 'regression') : 7.772189210755921
(400, 1, 32, 75, 14, 1, 1, 0.4, 0.0005, 'regression') : 7.788622949337219
(200, 1, 8, 75, 14, 1, 1, 0.2, 0.0005, 'regression') : 7.8183037756066
(400, 1, 8, 75, 14, 1, 1, 0.4, 0.001, 'regression') : 7.918912790456206
(400, 1, 32, 75, 14, 1, 1, 0.0, 0.0005, 'regression') : 8.005566958431961
(70, 1, 32, 75, 14, 1, 1, 0.4, 0.0005, 'regression') : 8.032472890694674
(150, 1, 32, 75, 14, 1, 1, 0.4, 0.0005, 'regression') : 8.11634284243375
(200, 1, 8, 75, 14, 1, 1, 0.0, 0.0005, 'regression') : 8.128831165521927
(100, 1, 8, 75, 14, 1, 1, 0.2, 0.001, 'regression') : 8.17503750889727
(150, 1, 8, 75, 14, 1, 1, 0.0, 0.0005, 'regression') : 8.214968933044108
(150, 1, 8, 75, 14, 1, 1, 0.0, 0.001, 'regression') : 8.302056652127881
(100, 1, 32, 75, 14, 1, 1, 0.2, 0.0005, 'regression') : 8.324464251440594
(100, 1, 8, 75, 14, 1, 1, 0.0, 0.001, 'regression') : 8.364231096633223
(400, 1, 32, 75, 14, 1, 1, 0.0, 0.005, 'regression') : 8.462216896275871
(70, 1, 32, 75, 14, 1, 1, 0.0, 0.005, 'regression') : 8.510865719396744
(400, 1, 32, 75, 14, 1, 1, 0.2, 0.005, 'regression') : 8.585527398806294
(200, 1, 32, 75, 14, 1, 1, 0.2, 0.005, 'regression') : 8.604006793549308
(200, 1, 32, 75, 14, 1, 1, 0.4, 0.0005, 'regression') : 8.762417333230312
(70, 1, 32, 75, 14, 1, 1, 0.4, 0.005, 'regression') : 8.789931317735766
(150, 1, 8, 75, 14, 1, 1, 0.4, 0.001, 'regression') : 8.869560230981358
(70, 1, 32, 75, 14, 1, 1, 0.2, 0.0005, 'regression') : 8.901212199978527
(150, 1, 32, 75, 14, 1, 1, 0.4, 0.005, 'regression') : 8.987533560223136
(200, 1, 32, 75, 14, 1, 1, 0.0, 0.005, 'regression') : 9.240694029205113
(400, 1, 32, 75, 14, 1, 1, 0.4, 0.005, 'regression') : 9.586540173822447
(100, 1, 32, 75, 14, 1, 1, 0.0, 0.005, 'regression') : 9.643378253115296
(100, 1, 32, 75, 14, 1, 1, 0.2, 0.005, 'regression') : 9.72606688050177
(70, 1, 32, 75, 14, 1, 1, 0.2, 0.005, 'regression') : 9.807736185049952
(200, 1, 32, 75, 14, 1, 1, 0.4, 0.005, 'regression') : 10.031678381541434
(100, 1, 8, 75, 14, 1, 1, 0.4, 0.005, 'regression') : 10.128186602658856
(400, 1, 8, 75, 14, 1, 1, 0.2, 0.005, 'regression') : 10.296457815883972
(150, 1, 8, 75, 14, 1, 1, 0.4, 0.005, 'regression') : 10.30765891529656
(100, 1, 8, 75, 14, 1, 1, 0.0, 0.005, 'regression') : 10.54314225131036
(70, 1, 8, 75, 14, 1, 1, 0.4, 0.005, 'regression') : 10.553905905759214
(100, 1, 32, 75, 14, 1, 1, 0.4, 0.005, 'regression') : 10.571707760915192
(200, 1, 8, 75, 14, 1, 1, 0.4, 0.005, 'regression') : 10.763939614221684
(150, 1, 32, 75, 14, 1, 1, 0.0, 0.005, 'regression') : 10.92527005602857
(150, 1, 32, 75, 14, 1, 1, 0.2, 0.005, 'regression') : 11.311020721905553
(400, 1, 8, 75, 14, 1, 1, 0.4, 0.005, 'regression') : 11.383451105749923
(400, 1, 8, 75, 14, 1, 1, 0.0, 0.005, 'regression') : 11.404744570385478
(70, 1, 8, 75, 14, 1, 1, 0.0, 0.005, 'regression') : 11.560375940317831
(70, 1, 8, 75, 14, 1, 1, 0.2, 0.005, 'regression') : 11.83475944108836
(150, 1, 8, 75, 14, 1, 1, 0.2, 0.005, 'regression') : 12.342647888506459
(200, 1, 8, 75, 14, 1, 1, 0.2, 0.005, 'regression') : 13.118103080291897
(150, 1, 8, 75, 14, 1, 1, 0.0, 0.005, 'regression') : 13.178421883681969
(100, 1, 8, 75, 14, 1, 1, 0.2, 0.005, 'regression') : 13.225479216805118
(200, 1, 8, 75, 14, 1, 1, 0.0, 0.005, 'regression') : 13.285484822809948
