Best Hyperparameter:(150, 1, 8, 75, 14, 1, 1, 0.2, 0.0005, 'regression')

All Results:
(150, 1, 8, 75, 14, 1, 1, 0.2, 0.0005, 'regression') : 7.898385834929757
(70, 1, 8, 75, 14, 1, 1, 0.2, 0.001, 'regression') : 8.143213447252922
(150, 1, 8, 75, 14, 1, 1, 0.2, 0.001, 'regression') : 8.405469096800035
(400, 1, 8, 75, 14, 1, 1, 0.0, 0.001, 'regression') : 8.671827958559314
(100, 1, 8, 75, 14, 1, 1, 0.0, 0.001, 'regression') : 8.812970004767688
(70, 1, 8, 75, 14, 1, 1, 0.4, 0.001, 'regression') : 8.920062750029537
(200, 1, 8, 75, 14, 1, 1, 0.2, 0.001, 'regression') : 9.102414882387128
(400, 1, 8, 75, 14, 1, 1, 0.0, 0.0005, 'regression') : 9.403845757767021
(200, 1, 8, 75, 14, 1, 1, 0.4, 0.001, 'regression') : 9.433048796154349
(100, 1, 8, 75, 14, 1, 1, 0.2, 0.0005, 'regression') : 9.704070327739661
(400, 1, 8, 75, 14, 1, 1, 0.4, 0.0005, 'regression') : 9.714686348141068
(70, 1, 8, 75, 14, 1, 1, 0.0, 0.0005, 'regression') : 9.828440614688358
(200, 1, 8, 75, 14, 1, 1, 0.0, 0.0005, 'regression') : 10.0071155571348
(400, 1, 8, 75, 14, 1, 1, 0.4, 0.001, 'regression') : 10.08362139069019
(150, 1, 8, 75, 14, 1, 1, 0.0, 0.005, 'regression') : 10.25768563098739
(70, 1, 8, 75, 14, 1, 1, 0.0, 0.001, 'regression') : 10.360480705653536
(100, 1, 8, 75, 14, 1, 1, 0.4, 0.001, 'regression') : 10.403322685867767
(400, 1, 8, 75, 14, 1, 1, 0.2, 0.001, 'regression') : 10.405376506511233
(70, 1, 8, 75, 14, 1, 1, 0.2, 0.0005, 'regression') : 10.585782954526177
(200, 1, 8, 75, 14, 1, 1, 0.0, 0.001, 'regression') : 10.59278960213056
(70, 1, 8, 75, 14, 1, 1, 0.4, 0.0005, 'regression') : 10.65804678385752
(100, 1, 8, 75, 14, 1, 1, 0.0, 0.0005, 'regression') : 10.720286145464296
(400, 1, 8, 75, 14, 1, 1, 0.2, 0.0005, 'regression') : 10.749053899361789
(150, 1, 8, 75, 14, 1, 1, 0.0, 0.0005, 'regression') : 10.799665061107891
(200, 1, 8, 75, 14, 1, 1, 0.2, 0.0005, 'regression') : 10.821339753216392
(100, 1, 8, 75, 14, 1, 1, 0.2, 0.001, 'regression') : 10.924959957053664
(150, 1, 8, 75, 14, 1, 1, 0.4, 0.005, 'regression') : 11.266283850277498
(150, 1, 8, 75, 14, 1, 1, 0.4, 0.0005, 'regression') : 11.27082919854126
(150, 1, 8, 75, 14, 1, 1, 0.0, 0.001, 'regression') : 11.287977854106959
(100, 1, 8, 75, 14, 1, 1, 0.4, 0.0005, 'regression') : 11.438310357592448
(150, 1, 8, 75, 14, 1, 1, 0.2, 0.005, 'regression') : 11.855564632186448
(200, 1, 8, 75, 14, 1, 1, 0.4, 0.0005, 'regression') : 11.926154528053184
(100, 1, 8, 75, 14, 1, 1, 0.0, 0.005, 'regression') : 11.935146794062081
(100, 1, 32, 75, 14, 1, 1, 0.0, 0.001, 'regression') : 11.937609002598613
(70, 1, 8, 75, 14, 1, 1, 0.4, 0.005, 'regression') : 12.1719310075843
(150, 1, 32, 75, 14, 1, 1, 0.2, 0.001, 'regression') : 12.276199189405125
(150, 1, 32, 75, 14, 1, 1, 0.4, 0.001, 'regression') : 12.60145681931282
(200, 1, 32, 75, 14, 1, 1, 0.2, 0.001, 'regression') : 12.641691298367585
(150, 1, 8, 75, 14, 1, 1, 0.4, 0.001, 'regression') : 12.719209624837635
(400, 1, 8, 75, 14, 1, 1, 0.4, 0.005, 'regression') : 12.720579513762956
(200, 1, 8, 75, 14, 1, 1, 0.4, 0.005, 'regression') : 12.729497089268065
(400, 1, 32, 75, 14, 1, 1, 0.0, 0.001, 'regression') : 12.733170479870518
(200, 1, 8, 75, 14, 1, 1, 0.0, 0.005, 'regression') : 12.987918787296426
(100, 1, 8, 75, 14, 1, 1, 0.4, 0.005, 'regression') : 13.069320311724368
(70, 1, 32, 75, 14, 1, 1, 0.0, 0.001, 'regression') : 13.295763988165216
(70, 1, 32, 75, 14, 1, 1, 0.4, 0.001, 'regression') : 13.339226377684525
(100, 1, 32, 75, 14, 1, 1, 0.4, 0.001, 'regression') : 13.420350284619664
(200, 1, 32, 75, 14, 1, 1, 0.4, 0.001, 'regression') : 13.424164875437071
(100, 1, 32, 75, 14, 1, 1, 0.2, 0.001, 'regression') : 13.503963245249286
(70, 1, 8, 75, 14, 1, 1, 0.2, 0.005, 'regression') : 13.540523294021785
(70, 1, 32, 75, 14, 1, 1, 0.2, 0.001, 'regression') : 13.623218129543298
(400, 1, 8, 75, 14, 1, 1, 0.2, 0.005, 'regression') : 13.680524579985876
(70, 1, 8, 75, 14, 1, 1, 0.0, 0.005, 'regression') : 13.695405176909834
(200, 1, 32, 75, 14, 1, 1, 0.0, 0.001, 'regression') : 13.748383148196051
(400, 1, 32, 75, 14, 1, 1, 0.4, 0.001, 'regression') : 13.916835993409563
(150, 1, 32, 75, 14, 1, 1, 0.0, 0.001, 'regression') : 13.987088797802457
(100, 1, 32, 75, 14, 1, 1, 0.0, 0.005, 'regression') : 14.073681552378691
(200, 1, 32, 75, 14, 1, 1, 0.0, 0.005, 'regression') : 14.201375449511776
(400, 1, 32, 75, 14, 1, 1, 0.2, 0.001, 'regression') : 14.20180286515297
(100, 1, 32, 75, 14, 1, 1, 0.4, 0.005, 'regression') : 14.694535672754563
(70, 1, 32, 75, 14, 1, 1, 0.2, 0.005, 'regression') : 14.750168289039951
(70, 1, 32, 75, 14, 1, 1, 0.0, 0.005, 'regression') : 14.854337173891542
(100, 1, 8, 75, 14, 1, 1, 0.2, 0.005, 'regression') : 14.962314081558452
(100, 1, 32, 75, 14, 1, 1, 0.2, 0.005, 'regression') : 15.186977382453012
(150, 1, 32, 75, 14, 1, 1, 0.0, 0.005, 'regression') : 15.503670224890437
(400, 1, 8, 75, 14, 1, 1, 0.0, 0.005, 'regression') : 15.803449908681696
(400, 1, 32, 75, 14, 1, 1, 0.2, 0.005, 'regression') : 15.939285522750435
(150, 1, 32, 75, 14, 1, 1, 0.0, 0.0005, 'regression') : 15.958230096411558
(200, 1, 32, 75, 14, 1, 1, 0.0, 0.0005, 'regression') : 15.958740272476089
(100, 1, 32, 75, 14, 1, 1, 0.2, 0.0005, 'regression') : 16.118713159476016
(70, 1, 32, 75, 14, 1, 1, 0.0, 0.0005, 'regression') : 16.214096735437455
(200, 1, 32, 75, 14, 1, 1, 0.2, 0.005, 'regression') : 16.215659328797358
(400, 1, 32, 75, 14, 1, 1, 0.4, 0.0005, 'regression') : 16.29267692672331
(400, 1, 32, 75, 14, 1, 1, 0.2, 0.0005, 'regression') : 16.452958232525024
(70, 1, 32, 75, 14, 1, 1, 0.2, 0.0005, 'regression') : 16.489501938574353
(100, 1, 32, 75, 14, 1, 1, 0.4, 0.0005, 'regression') : 16.552342171866524
(400, 1, 32, 75, 14, 1, 1, 0.4, 0.005, 'regression') : 16.624588474646664
(150, 1, 32, 75, 14, 1, 1, 0.4, 0.0005, 'regression') : 16.8065207356565
(200, 1, 32, 75, 14, 1, 1, 0.4, 0.0005, 'regression') : 16.818077550676257
(400, 1, 32, 75, 14, 1, 1, 0.0, 0.0005, 'regression') : 16.86527267603958
(400, 1, 32, 75, 14, 1, 1, 0.0, 0.005, 'regression') : 16.89800481089403
(200, 1, 8, 75, 14, 1, 1, 0.2, 0.005, 'regression') : 16.914774115617966
(150, 1, 32, 75, 14, 1, 1, 0.4, 0.005, 'regression') : 17.141753269805513
(200, 1, 32, 75, 14, 1, 1, 0.2, 0.0005, 'regression') : 17.30790973762125
(100, 1, 32, 75, 14, 1, 1, 0.0, 0.0005, 'regression') : 17.53132036270066
(70, 1, 32, 75, 14, 1, 1, 0.4, 0.0005, 'regression') : 17.79546770172547
(150, 1, 32, 75, 14, 1, 1, 0.2, 0.0005, 'regression') : 18.311185807502394
(70, 1, 32, 75, 14, 1, 1, 0.4, 0.005, 'regression') : 18.555993885491567
(150, 1, 32, 75, 14, 1, 1, 0.2, 0.005, 'regression') : 18.70090991517811
(200, 1, 32, 75, 14, 1, 1, 0.4, 0.005, 'regression') : 19.2645602903307
