Best Hyperparameter:(200, 1, 8, 75, 14, 1, 1, 0.2, 0.001, 'regression')

All Results:
(200, 1, 8, 75, 14, 1, 1, 0.2, 0.001, 'regression') : 18.294015997548186
(100, 1, 32, 75, 14, 1, 1, 0.2, 0.001, 'regression') : 18.345292877189923
(150, 1, 8, 75, 14, 1, 1, 0.0, 0.0005, 'regression') : 18.35150444745725
(150, 1, 8, 75, 14, 1, 1, 0.4, 0.001, 'regression') : 18.451279481406004
(200, 1, 8, 75, 14, 1, 1, 0.0, 0.001, 'regression') : 18.464484288947673
(70, 1, 8, 75, 14, 1, 1, 0.2, 0.0005, 'regression') : 18.64706135536473
(400, 1, 8, 75, 14, 1, 1, 0.4, 0.001, 'regression') : 18.7881039295268
(70, 1, 8, 75, 14, 1, 1, 0.2, 0.001, 'regression') : 18.836507574454316
(100, 1, 8, 75, 14, 1, 1, 0.4, 0.001, 'regression') : 18.948560744004407
(100, 1, 8, 75, 14, 1, 1, 0.2, 0.001, 'regression') : 18.952027862585986
(200, 1, 8, 75, 14, 1, 1, 0.0, 0.0005, 'regression') : 18.96092267616276
(100, 1, 8, 75, 14, 1, 1, 0.4, 0.0005, 'regression') : 18.987573145234975
(400, 1, 8, 75, 14, 1, 1, 0.0, 0.0005, 'regression') : 19.022688374610873
(200, 1, 8, 75, 14, 1, 1, 0.4, 0.0005, 'regression') : 19.053049717227346
(400, 1, 8, 75, 14, 1, 1, 0.2, 0.0005, 'regression') : 19.27851240763028
(150, 1, 8, 75, 14, 1, 1, 0.2, 0.001, 'regression') : 19.28064746106753
(150, 1, 32, 75, 14, 1, 1, 0.0, 0.001, 'regression') : 19.42013671446989
(400, 1, 8, 75, 14, 1, 1, 0.0, 0.001, 'regression') : 19.50757562372052
(200, 1, 32, 75, 14, 1, 1, 0.2, 0.001, 'regression') : 19.56920597687887
(200, 1, 32, 75, 14, 1, 1, 0.0, 0.001, 'regression') : 19.570574078889017
(200, 1, 32, 75, 14, 1, 1, 0.0, 0.0005, 'regression') : 19.573868543275722
(70, 1, 8, 75, 14, 1, 1, 0.0, 0.0005, 'regression') : 19.617022154149907
(200, 1, 8, 75, 14, 1, 1, 0.4, 0.001, 'regression') : 19.652456846866176
(100, 1, 32, 75, 14, 1, 1, 0.0, 0.0005, 'regression') : 19.668170719717455
(200, 1, 32, 75, 14, 1, 1, 0.4, 0.001, 'regression') : 19.685229521392635
(200, 1, 32, 75, 14, 1, 1, 0.2, 0.005, 'regression') : 19.691627489330426
(70, 1, 8, 75, 14, 1, 1, 0.0, 0.001, 'regression') : 19.77474174042174
(400, 1, 8, 75, 14, 1, 1, 0.2, 0.001, 'regression') : 19.80003592104593
(150, 1, 8, 75, 14, 1, 1, 0.2, 0.0005, 'regression') : 19.808197358342557
(200, 1, 8, 75, 14, 1, 1, 0.2, 0.0005, 'regression') : 19.91142215447902
(70, 1, 32, 75, 14, 1, 1, 0.2, 0.005, 'regression') : 19.922569190819896
(100, 1, 8, 75, 14, 1, 1, 0.0, 0.0005, 'regression') : 19.95945808729564
(400, 1, 32, 75, 14, 1, 1, 0.0, 0.001, 'regression') : 19.972311502396483
(150, 1, 8, 75, 14, 1, 1, 0.0, 0.001, 'regression') : 20.01390977091291
(100, 1, 8, 75, 14, 1, 1, 0.2, 0.0005, 'regression') : 20.12047469926933
(70, 1, 32, 75, 14, 1, 1, 0.4, 0.0005, 'regression') : 20.165358863952854
(70, 1, 32, 75, 14, 1, 1, 0.4, 0.001, 'regression') : 20.17052494150457
(400, 1, 32, 75, 14, 1, 1, 0.2, 0.001, 'regression') : 20.26012911501165
(100, 1, 32, 75, 14, 1, 1, 0.4, 0.001, 'regression') : 20.273553734964555
(200, 1, 32, 75, 14, 1, 1, 0.2, 0.0005, 'regression') : 20.335200600170857
(150, 1, 8, 75, 14, 1, 1, 0.4, 0.005, 'regression') : 20.385331877888635
(150, 1, 32, 75, 14, 1, 1, 0.4, 0.0005, 'regression') : 20.48094598248673
(150, 1, 32, 75, 14, 1, 1, 0.4, 0.001, 'regression') : 20.4825434848486
(100, 1, 8, 75, 14, 1, 1, 0.0, 0.001, 'regression') : 20.518444529988233
(70, 1, 32, 75, 14, 1, 1, 0.0, 0.0005, 'regression') : 20.55677264446152
(400, 1, 8, 75, 14, 1, 1, 0.4, 0.0005, 'regression') : 20.56884306821321
(70, 1, 8, 75, 14, 1, 1, 0.4, 0.001, 'regression') : 20.575468166865114
(100, 1, 32, 75, 14, 1, 1, 0.2, 0.0005, 'regression') : 20.888960547483194
(150, 1, 8, 75, 14, 1, 1, 0.4, 0.0005, 'regression') : 20.95347997413644
(100, 1, 32, 75, 14, 1, 1, 0.4, 0.0005, 'regression') : 21.132832983093714
(100, 1, 32, 75, 14, 1, 1, 0.4, 0.005, 'regression') : 21.19060567650371
(100, 1, 32, 75, 14, 1, 1, 0.0, 0.005, 'regression') : 21.29402020085397
(70, 1, 32, 75, 14, 1, 1, 0.2, 0.001, 'regression') : 21.319706616451683
(400, 1, 32, 75, 14, 1, 1, 0.0, 0.0005, 'regression') : 21.381169194320503
(70, 1, 8, 75, 14, 1, 1, 0.4, 0.0005, 'regression') : 21.39524459140531
(150, 1, 32, 75, 14, 1, 1, 0.2, 0.0005, 'regression') : 21.414971529114833
(200, 1, 32, 75, 14, 1, 1, 0.4, 0.0005, 'regression') : 21.438008406436165
(200, 1, 8, 75, 14, 1, 1, 0.2, 0.005, 'regression') : 21.47078047420188
(400, 1, 32, 75, 14, 1, 1, 0.4, 0.005, 'regression') : 21.52617997197614
(150, 1, 32, 75, 14, 1, 1, 0.0, 0.0005, 'regression') : 21.55359738546644
(400, 1, 32, 75, 14, 1, 1, 0.4, 0.001, 'regression') : 21.728151600046385
(150, 1, 32, 75, 14, 1, 1, 0.4, 0.005, 'regression') : 21.784770291826632
(70, 1, 8, 75, 14, 1, 1, 0.4, 0.005, 'regression') : 22.073022587802285
(150, 1, 32, 75, 14, 1, 1, 0.0, 0.005, 'regression') : 22.11475419242306
(400, 1, 32, 75, 14, 1, 1, 0.0, 0.005, 'regression') : 22.25657217951123
(400, 1, 32, 75, 14, 1, 1, 0.4, 0.0005, 'regression') : 22.276706219593216
(70, 1, 32, 75, 14, 1, 1, 0.0, 0.001, 'regression') : 22.305964479102165
(70, 1, 32, 75, 14, 1, 1, 0.2, 0.0005, 'regression') : 22.316321013881478
(100, 1, 8, 75, 14, 1, 1, 0.4, 0.005, 'regression') : 22.46348642596933
(100, 1, 32, 75, 14, 1, 1, 0.0, 0.001, 'regression') : 22.510731823869683
(400, 1, 32, 75, 14, 1, 1, 0.2, 0.0005, 'regression') : 22.57191041732374
(200, 1, 8, 75, 14, 1, 1, 0.4, 0.005, 'regression') : 22.629071341541284
(150, 1, 32, 75, 14, 1, 1, 0.2, 0.001, 'regression') : 22.842721765922132
(70, 1, 8, 75, 14, 1, 1, 0.0, 0.005, 'regression') : 22.960234459059105
(70, 1, 32, 75, 14, 1, 1, 0.4, 0.005, 'regression') : 22.975177252152232
(100, 1, 32, 75, 14, 1, 1, 0.2, 0.005, 'regression') : 23.071926453387295
(70, 1, 8, 75, 14, 1, 1, 0.2, 0.005, 'regression') : 23.263418967408647
(100, 1, 8, 75, 14, 1, 1, 0.0, 0.005, 'regression') : 23.330205319697992
(400, 1, 8, 75, 14, 1, 1, 0.0, 0.005, 'regression') : 23.38037699840991
(400, 1, 8, 75, 14, 1, 1, 0.4, 0.005, 'regression') : 23.560957365388383
(150, 1, 32, 75, 14, 1, 1, 0.2, 0.005, 'regression') : 23.715304929616845
(100, 1, 8, 75, 14, 1, 1, 0.2, 0.005, 'regression') : 23.729270378935972
(70, 1, 32, 75, 14, 1, 1, 0.0, 0.005, 'regression') : 23.745055286272983
(150, 1, 8, 75, 14, 1, 1, 0.2, 0.005, 'regression') : 23.813246424959093
(150, 1, 8, 75, 14, 1, 1, 0.0, 0.005, 'regression') : 23.906433666071642
(200, 1, 32, 75, 14, 1, 1, 0.4, 0.005, 'regression') : 24.217800446631234
(200, 1, 8, 75, 14, 1, 1, 0.0, 0.005, 'regression') : 24.593258422920595
(400, 1, 8, 75, 14, 1, 1, 0.2, 0.005, 'regression') : 24.938762459546886
(200, 1, 32, 75, 14, 1, 1, 0.0, 0.005, 'regression') : 25.943301616919126
(400, 1, 32, 75, 14, 1, 1, 0.2, 0.005, 'regression') : 29.63582815255838
