Best Hyperparameter:(100, 1, 8, 75, 14, 1, 1, 0.4, 0.0005, 'regression')

All Results:
(100, 1, 8, 75, 14, 1, 1, 0.4, 0.0005, 'regression') : 17.251067155633077
(150, 1, 8, 75, 14, 1, 1, 0.4, 0.0005, 'regression') : 17.36919671722982
(150, 1, 8, 75, 14, 1, 1, 0.2, 0.0005, 'regression') : 17.37725891095432
(200, 1, 8, 75, 14, 1, 1, 0.0, 0.0005, 'regression') : 17.39875370521338
(200, 1, 8, 75, 14, 1, 1, 0.4, 0.0005, 'regression') : 17.423653365804377
(150, 1, 8, 75, 14, 1, 1, 0.0, 0.0005, 'regression') : 17.549442642729378
(200, 1, 8, 75, 14, 1, 1, 0.2, 0.0005, 'regression') : 17.564908296225795
(400, 1, 8, 75, 14, 1, 1, 0.2, 0.0005, 'regression') : 17.69147565366162
(70, 1, 8, 75, 14, 1, 1, 0.2, 0.001, 'regression') : 17.72036440627813
(100, 1, 8, 75, 14, 1, 1, 0.4, 0.001, 'regression') : 17.79574790680088
(100, 1, 8, 75, 14, 1, 1, 0.0, 0.0005, 'regression') : 17.855385655320493
(70, 1, 8, 75, 14, 1, 1, 0.4, 0.001, 'regression') : 18.11220839273046
(400, 1, 8, 75, 14, 1, 1, 0.0, 0.0005, 'regression') : 18.147465238977155
(100, 1, 32, 75, 14, 1, 1, 0.4, 0.001, 'regression') : 18.19710923481352
(400, 1, 32, 75, 14, 1, 1, 0.0, 0.001, 'regression') : 18.26214867644293
(200, 1, 8, 75, 14, 1, 1, 0.4, 0.001, 'regression') : 18.356639743384353
(150, 1, 32, 75, 14, 1, 1, 0.0, 0.001, 'regression') : 18.364388200432025
(200, 1, 32, 75, 14, 1, 1, 0.0, 0.001, 'regression') : 18.375686910464957
(70, 1, 8, 75, 14, 1, 1, 0.4, 0.0005, 'regression') : 18.499991931163258
(70, 1, 32, 75, 14, 1, 1, 0.0, 0.001, 'regression') : 18.55121420964761
(200, 1, 8, 75, 14, 1, 1, 0.0, 0.001, 'regression') : 18.630756819877067
(400, 1, 8, 75, 14, 1, 1, 0.4, 0.001, 'regression') : 18.724097398347233
(100, 1, 8, 75, 14, 1, 1, 0.2, 0.0005, 'regression') : 18.76409667006124
(400, 1, 8, 75, 14, 1, 1, 0.4, 0.0005, 'regression') : 18.778344017651825
(400, 1, 8, 75, 14, 1, 1, 0.2, 0.001, 'regression') : 18.92723401028513
(70, 1, 8, 75, 14, 1, 1, 0.0, 0.0005, 'regression') : 18.951959605470655
(200, 1, 8, 75, 14, 1, 1, 0.2, 0.001, 'regression') : 18.97798783173594
(150, 1, 8, 75, 14, 1, 1, 0.0, 0.001, 'regression') : 19.088649544298327
(100, 1, 8, 75, 14, 1, 1, 0.0, 0.001, 'regression') : 19.220460593566724
(150, 1, 8, 75, 14, 1, 1, 0.4, 0.001, 'regression') : 19.22937041949792
(200, 1, 32, 75, 14, 1, 1, 0.0, 0.005, 'regression') : 19.235406952259627
(70, 1, 32, 75, 14, 1, 1, 0.4, 0.001, 'regression') : 19.28699851527376
(70, 1, 8, 75, 14, 1, 1, 0.2, 0.0005, 'regression') : 19.37847115763314
(400, 1, 32, 75, 14, 1, 1, 0.2, 0.001, 'regression') : 19.40902585396693
(100, 1, 8, 75, 14, 1, 1, 0.2, 0.001, 'regression') : 19.413774443682506
(70, 1, 8, 75, 14, 1, 1, 0.0, 0.001, 'regression') : 19.546591673544963
(400, 1, 32, 75, 14, 1, 1, 0.4, 0.001, 'regression') : 19.619570914804857
(150, 1, 8, 75, 14, 1, 1, 0.2, 0.001, 'regression') : 19.63312972456427
(150, 1, 8, 75, 14, 1, 1, 0.2, 0.005, 'regression') : 19.78675606330534
(200, 1, 32, 75, 14, 1, 1, 0.4, 0.001, 'regression') : 19.861481660536832
(100, 1, 8, 75, 14, 1, 1, 0.2, 0.005, 'regression') : 19.877716439386123
(150, 1, 32, 75, 14, 1, 1, 0.4, 0.001, 'regression') : 19.883676775412333
(150, 1, 8, 75, 14, 1, 1, 0.0, 0.005, 'regression') : 19.88597864260918
(150, 1, 32, 75, 14, 1, 1, 0.2, 0.001, 'regression') : 19.97572587103044
(400, 1, 8, 75, 14, 1, 1, 0.0, 0.001, 'regression') : 20.03422678199603
(100, 1, 32, 75, 14, 1, 1, 0.2, 0.001, 'regression') : 20.092855912338347
(100, 1, 8, 75, 14, 1, 1, 0.0, 0.005, 'regression') : 20.17338571406225
(400, 1, 32, 75, 14, 1, 1, 0.4, 0.005, 'regression') : 20.268915076495
(200, 1, 32, 75, 14, 1, 1, 0.4, 0.0005, 'regression') : 20.28251340389309
(150, 1, 32, 75, 14, 1, 1, 0.4, 0.005, 'regression') : 20.329404040796234
(70, 1, 32, 75, 14, 1, 1, 0.2, 0.001, 'regression') : 20.358505385346525
(70, 1, 32, 75, 14, 1, 1, 0.0, 0.0005, 'regression') : 20.40558110811943
(200, 1, 32, 75, 14, 1, 1, 0.0, 0.0005, 'regression') : 20.499505972554537
(100, 1, 32, 75, 14, 1, 1, 0.4, 0.0005, 'regression') : 20.54258506989018
(200, 1, 32, 75, 14, 1, 1, 0.2, 0.0005, 'regression') : 20.577130444214156
(200, 1, 32, 75, 14, 1, 1, 0.2, 0.005, 'regression') : 20.590325515811458
(150, 1, 8, 75, 14, 1, 1, 0.4, 0.005, 'regression') : 20.59048347620462
(100, 1, 32, 75, 14, 1, 1, 0.0, 0.0005, 'regression') : 20.62409692285316
(400, 1, 32, 75, 14, 1, 1, 0.4, 0.0005, 'regression') : 20.649048592148862
(150, 1, 32, 75, 14, 1, 1, 0.4, 0.0005, 'regression') : 20.759059191430254
(70, 1, 32, 75, 14, 1, 1, 0.0, 0.005, 'regression') : 20.783590697802182
(200, 1, 8, 75, 14, 1, 1, 0.0, 0.005, 'regression') : 20.80005627947068
(100, 1, 32, 75, 14, 1, 1, 0.2, 0.0005, 'regression') : 20.915163784076384
(400, 1, 8, 75, 14, 1, 1, 0.4, 0.005, 'regression') : 20.9748255268756
(400, 1, 32, 75, 14, 1, 1, 0.2, 0.0005, 'regression') : 20.99471874037561
(100, 1, 8, 75, 14, 1, 1, 0.4, 0.005, 'regression') : 21.0198585233879
(150, 1, 32, 75, 14, 1, 1, 0.0, 0.005, 'regression') : 21.023441757408843
(150, 1, 32, 75, 14, 1, 1, 0.2, 0.0005, 'regression') : 21.0974981909335
(100, 1, 32, 75, 14, 1, 1, 0.4, 0.005, 'regression') : 21.19377479273976
(70, 1, 8, 75, 14, 1, 1, 0.0, 0.005, 'regression') : 21.291035609145528
(70, 1, 32, 75, 14, 1, 1, 0.2, 0.0005, 'regression') : 21.291266634023252
(70, 1, 32, 75, 14, 1, 1, 0.4, 0.0005, 'regression') : 21.324165768541896
(70, 1, 8, 75, 14, 1, 1, 0.4, 0.005, 'regression') : 21.355875615636727
(400, 1, 8, 75, 14, 1, 1, 0.0, 0.005, 'regression') : 21.505673343526897
(150, 1, 32, 75, 14, 1, 1, 0.0, 0.0005, 'regression') : 21.594353176547962
(100, 1, 32, 75, 14, 1, 1, 0.0, 0.001, 'regression') : 21.697812949459806
(400, 1, 8, 75, 14, 1, 1, 0.2, 0.005, 'regression') : 21.701447109485947
(400, 1, 32, 75, 14, 1, 1, 0.0, 0.0005, 'regression') : 21.765682591439724
(70, 1, 32, 75, 14, 1, 1, 0.2, 0.005, 'regression') : 21.82381545933297
(200, 1, 32, 75, 14, 1, 1, 0.2, 0.001, 'regression') : 21.9315883287291
(70, 1, 8, 75, 14, 1, 1, 0.2, 0.005, 'regression') : 21.994674602401936
(400, 1, 32, 75, 14, 1, 1, 0.2, 0.005, 'regression') : 22.04329949909068
(100, 1, 32, 75, 14, 1, 1, 0.2, 0.005, 'regression') : 22.16618744533033
(200, 1, 8, 75, 14, 1, 1, 0.4, 0.005, 'regression') : 22.176294417730265
(200, 1, 32, 75, 14, 1, 1, 0.4, 0.005, 'regression') : 22.426423012744486
(150, 1, 32, 75, 14, 1, 1, 0.2, 0.005, 'regression') : 22.689930408066964
(100, 1, 32, 75, 14, 1, 1, 0.0, 0.005, 'regression') : 22.721782846820453
(70, 1, 32, 75, 14, 1, 1, 0.4, 0.005, 'regression') : 22.947091147232474
(200, 1, 8, 75, 14, 1, 1, 0.2, 0.005, 'regression') : 24.239782127654273
(400, 1, 32, 75, 14, 1, 1, 0.0, 0.005, 'regression') : 24.68685281128034
