Best Hyperparameter:(150, 1, 8, 75, 14, 1, 1, 0.2, 0.001, 'regression')

All Results:
(150, 1, 8, 75, 14, 1, 1, 0.2, 0.001, 'regression') : 11.185644478234348
(200, 1, 8, 75, 14, 1, 1, 0.2, 0.001, 'regression') : 11.35537149790989
(200, 1, 8, 75, 14, 1, 1, 0.0, 0.001, 'regression') : 11.561349329099446
(400, 1, 8, 75, 14, 1, 1, 0.4, 0.001, 'regression') : 11.606913096594523
(400, 1, 32, 75, 14, 1, 1, 0.0, 0.005, 'regression') : 12.119105245028903
(70, 1, 8, 75, 14, 1, 1, 0.4, 0.001, 'regression') : 12.137721033423606
(400, 1, 32, 75, 14, 1, 1, 0.4, 0.005, 'regression') : 12.162535111124415
(100, 1, 8, 75, 14, 1, 1, 0.0, 0.001, 'regression') : 12.3447089912694
(400, 1, 8, 75, 14, 1, 1, 0.0, 0.0005, 'regression') : 12.363604118774774
(70, 1, 8, 75, 14, 1, 1, 0.2, 0.001, 'regression') : 12.375152645426114
(70, 1, 8, 75, 14, 1, 1, 0.0, 0.0005, 'regression') : 12.534259308669201
(100, 1, 8, 75, 14, 1, 1, 0.4, 0.001, 'regression') : 12.543782498454883
(400, 1, 8, 75, 14, 1, 1, 0.2, 0.0005, 'regression') : 12.563380852168837
(400, 1, 8, 75, 14, 1, 1, 0.2, 0.001, 'regression') : 12.569266600680805
(100, 1, 8, 75, 14, 1, 1, 0.4, 0.0005, 'regression') : 12.588309847928446
(100, 1, 8, 75, 14, 1, 1, 0.2, 0.0005, 'regression') : 12.714782305111473
(200, 1, 32, 75, 14, 1, 1, 0.2, 0.005, 'regression') : 12.726334385291413
(200, 1, 32, 75, 14, 1, 1, 0.4, 0.005, 'regression') : 12.749572556919798
(200, 1, 8, 75, 14, 1, 1, 0.4, 0.0005, 'regression') : 12.797243382052145
(200, 1, 32, 75, 14, 1, 1, 0.0, 0.005, 'regression') : 12.82110417747717
(400, 1, 8, 75, 14, 1, 1, 0.4, 0.005, 'regression') : 12.834438373494407
(150, 1, 8, 75, 14, 1, 1, 0.2, 0.0005, 'regression') : 12.845194892850657
(70, 1, 32, 75, 14, 1, 1, 0.2, 0.005, 'regression') : 12.84925635254
(70, 1, 8, 75, 14, 1, 1, 0.4, 0.0005, 'regression') : 12.85084082595039
(400, 1, 8, 75, 14, 1, 1, 0.4, 0.0005, 'regression') : 12.86716783385781
(150, 1, 8, 75, 14, 1, 1, 0.0, 0.001, 'regression') : 12.896325519344908
(150, 1, 32, 75, 14, 1, 1, 0.0, 0.001, 'regression') : 12.922240291992034
(70, 1, 8, 75, 14, 1, 1, 0.0, 0.001, 'regression') : 12.927289242633254
(100, 1, 32, 75, 14, 1, 1, 0.4, 0.001, 'regression') : 12.95123924829208
(100, 1, 32, 75, 14, 1, 1, 0.4, 0.005, 'regression') : 12.959429739072016
(400, 1, 8, 75, 14, 1, 1, 0.0, 0.001, 'regression') : 12.963941883498592
(400, 1, 32, 75, 14, 1, 1, 0.2, 0.005, 'regression') : 13.004718962522531
(70, 1, 32, 75, 14, 1, 1, 0.4, 0.001, 'regression') : 13.040601424203837
(150, 1, 8, 75, 14, 1, 1, 0.4, 0.001, 'regression') : 13.047636796533435
(150, 1, 32, 75, 14, 1, 1, 0.2, 0.005, 'regression') : 13.076493778993921
(70, 1, 32, 75, 14, 1, 1, 0.0, 0.005, 'regression') : 13.079306561718557
(150, 1, 32, 75, 14, 1, 1, 0.4, 0.001, 'regression') : 13.085353145490213
(150, 1, 32, 75, 14, 1, 1, 0.2, 0.001, 'regression') : 13.139604124742547
(200, 1, 8, 75, 14, 1, 1, 0.4, 0.001, 'regression') : 13.150260211820646
(100, 1, 8, 75, 14, 1, 1, 0.0, 0.0005, 'regression') : 13.228342813124323
(150, 1, 8, 75, 14, 1, 1, 0.4, 0.0005, 'regression') : 13.233133512658025
(100, 1, 8, 75, 14, 1, 1, 0.2, 0.001, 'regression') : 13.259467550448738
(100, 1, 32, 75, 14, 1, 1, 0.0, 0.005, 'regression') : 13.268770232979895
(150, 1, 8, 75, 14, 1, 1, 0.0, 0.0005, 'regression') : 13.284650239801906
(200, 1, 8, 75, 14, 1, 1, 0.0, 0.0005, 'regression') : 13.30325075444615
(200, 1, 32, 75, 14, 1, 1, 0.2, 0.001, 'regression') : 13.307653329174475
(400, 1, 32, 75, 14, 1, 1, 0.0, 0.001, 'regression') : 13.345018106723074
(150, 1, 32, 75, 14, 1, 1, 0.4, 0.005, 'regression') : 13.351722581757269
(100, 1, 32, 75, 14, 1, 1, 0.2, 0.005, 'regression') : 13.406432719115063
(100, 1, 32, 75, 14, 1, 1, 0.2, 0.001, 'regression') : 13.43699232984624
(100, 1, 8, 75, 14, 1, 1, 0.2, 0.005, 'regression') : 13.44770245531393
(70, 1, 8, 75, 14, 1, 1, 0.2, 0.005, 'regression') : 13.48521485881767
(70, 1, 8, 75, 14, 1, 1, 0.2, 0.0005, 'regression') : 13.514453341107151
(400, 1, 8, 75, 14, 1, 1, 0.2, 0.005, 'regression') : 13.523868251830896
(200, 1, 8, 75, 14, 1, 1, 0.2, 0.005, 'regression') : 13.543059343741835
(400, 1, 32, 75, 14, 1, 1, 0.2, 0.001, 'regression') : 13.622371168864394
(200, 1, 8, 75, 14, 1, 1, 0.2, 0.0005, 'regression') : 13.672735162938423
(200, 1, 32, 75, 14, 1, 1, 0.4, 0.001, 'regression') : 13.801643647404285
(150, 1, 32, 75, 14, 1, 1, 0.2, 0.0005, 'regression') : 13.84216012995584
(400, 1, 32, 75, 14, 1, 1, 0.4, 0.0005, 'regression') : 13.870166189366495
(200, 1, 32, 75, 14, 1, 1, 0.0, 0.001, 'regression') : 13.936624842031481
(400, 1, 32, 75, 14, 1, 1, 0.2, 0.0005, 'regression') : 13.944434901909935
(100, 1, 32, 75, 14, 1, 1, 0.0, 0.001, 'regression') : 13.979033381172567
(70, 1, 32, 75, 14, 1, 1, 0.2, 0.001, 'regression') : 13.997623820080724
(100, 1, 32, 75, 14, 1, 1, 0.0, 0.0005, 'regression') : 14.083718442359862
(70, 1, 32, 75, 14, 1, 1, 0.4, 0.005, 'regression') : 14.10545355373201
(100, 1, 8, 75, 14, 1, 1, 0.0, 0.005, 'regression') : 14.14206313296835
(70, 1, 8, 75, 14, 1, 1, 0.4, 0.005, 'regression') : 14.176305929915472
(100, 1, 32, 75, 14, 1, 1, 0.2, 0.0005, 'regression') : 14.294114190586086
(400, 1, 32, 75, 14, 1, 1, 0.4, 0.001, 'regression') : 14.348031002534555
(200, 1, 8, 75, 14, 1, 1, 0.4, 0.005, 'regression') : 14.396417790861847
(150, 1, 8, 75, 14, 1, 1, 0.2, 0.005, 'regression') : 14.398529566513181
(70, 1, 32, 75, 14, 1, 1, 0.2, 0.0005, 'regression') : 14.420203043808007
(150, 1, 8, 75, 14, 1, 1, 0.0, 0.005, 'regression') : 14.463463024541522
(70, 1, 32, 75, 14, 1, 1, 0.0, 0.001, 'regression') : 14.626731736487912
(150, 1, 32, 75, 14, 1, 1, 0.4, 0.0005, 'regression') : 14.655409186104475
(200, 1, 8, 75, 14, 1, 1, 0.0, 0.005, 'regression') : 14.755369291403454
(200, 1, 32, 75, 14, 1, 1, 0.2, 0.0005, 'regression') : 14.761896497200349
(70, 1, 8, 75, 14, 1, 1, 0.0, 0.005, 'regression') : 14.77160696630393
(100, 1, 32, 75, 14, 1, 1, 0.4, 0.0005, 'regression') : 14.786341093029382
(150, 1, 8, 75, 14, 1, 1, 0.4, 0.005, 'regression') : 14.833859220179846
(400, 1, 32, 75, 14, 1, 1, 0.0, 0.0005, 'regression') : 14.901388804665014
(70, 1, 32, 75, 14, 1, 1, 0.0, 0.0005, 'regression') : 14.945922772772892
(200, 1, 32, 75, 14, 1, 1, 0.0, 0.0005, 'regression') : 14.985465888601329
(70, 1, 32, 75, 14, 1, 1, 0.4, 0.0005, 'regression') : 14.998601745458064
(150, 1, 32, 75, 14, 1, 1, 0.0, 0.005, 'regression') : 15.014920435591673
(100, 1, 8, 75, 14, 1, 1, 0.4, 0.005, 'regression') : 15.142125266376713
(400, 1, 8, 75, 14, 1, 1, 0.0, 0.005, 'regression') : 15.192419671090274
(150, 1, 32, 75, 14, 1, 1, 0.0, 0.0005, 'regression') : 15.364908242095833
(200, 1, 32, 75, 14, 1, 1, 0.4, 0.0005, 'regression') : 15.515281706626812
