Best Hyperparameter:(70, 1, 8, 75, 14, 1, 1, 0.2, 0.001, 'regression')

All Results:
(70, 1, 8, 75, 14, 1, 1, 0.2, 0.001, 'regression') : 11.980989071633042
(100, 1, 8, 75, 14, 1, 1, 0.4, 0.001, 'regression') : 12.046427108028917
(150, 1, 8, 75, 14, 1, 1, 0.4, 0.001, 'regression') : 12.165912819068097
(100, 1, 8, 75, 14, 1, 1, 0.0, 0.001, 'regression') : 12.222927635882211
(200, 1, 32, 75, 14, 1, 1, 0.2, 0.005, 'regression') : 12.364222969921139
(150, 1, 8, 75, 14, 1, 1, 0.2, 0.001, 'regression') : 12.37172866304566
(200, 1, 32, 75, 14, 1, 1, 0.4, 0.005, 'regression') : 12.399545692833751
(200, 1, 8, 75, 14, 1, 1, 0.4, 0.001, 'regression') : 12.423131241463038
(200, 1, 8, 75, 14, 1, 1, 0.0, 0.001, 'regression') : 12.474694869565864
(150, 1, 8, 75, 14, 1, 1, 0.2, 0.0005, 'regression') : 12.503454824580114
(100, 1, 32, 75, 14, 1, 1, 0.0, 0.005, 'regression') : 12.600805405643055
(70, 1, 32, 75, 14, 1, 1, 0.0, 0.005, 'regression') : 12.678654655145802
(200, 1, 8, 75, 14, 1, 1, 0.2, 0.001, 'regression') : 12.703291535087766
(400, 1, 8, 75, 14, 1, 1, 0.0, 0.001, 'regression') : 12.724425308727936
(100, 1, 32, 75, 14, 1, 1, 0.2, 0.005, 'regression') : 12.728112756045137
(200, 1, 32, 75, 14, 1, 1, 0.0, 0.005, 'regression') : 12.75399061261601
(400, 1, 8, 75, 14, 1, 1, 0.2, 0.001, 'regression') : 12.757358380116997
(200, 1, 8, 75, 14, 1, 1, 0.0, 0.0005, 'regression') : 12.802723433750668
(150, 1, 8, 75, 14, 1, 1, 0.0, 0.001, 'regression') : 12.803701093935405
(100, 1, 32, 75, 14, 1, 1, 0.4, 0.005, 'regression') : 12.835449093634347
(150, 1, 32, 75, 14, 1, 1, 0.2, 0.005, 'regression') : 12.844277648947573
(150, 1, 32, 75, 14, 1, 1, 0.0, 0.005, 'regression') : 12.880726405658862
(400, 1, 8, 75, 14, 1, 1, 0.4, 0.001, 'regression') : 12.894279578942939
(100, 1, 8, 75, 14, 1, 1, 0.2, 0.001, 'regression') : 12.916363115212572
(150, 1, 8, 75, 14, 1, 1, 0.4, 0.0005, 'regression') : 12.945085490478643
(100, 1, 32, 75, 14, 1, 1, 0.0, 0.001, 'regression') : 12.973955436091696
(70, 1, 8, 75, 14, 1, 1, 0.0, 0.001, 'regression') : 13.02971193282139
(400, 1, 32, 75, 14, 1, 1, 0.2, 0.005, 'regression') : 13.06834497050627
(70, 1, 8, 75, 14, 1, 1, 0.0, 0.005, 'regression') : 13.113389826933252
(100, 1, 8, 75, 14, 1, 1, 0.2, 0.0005, 'regression') : 13.157967051949822
(150, 1, 8, 75, 14, 1, 1, 0.4, 0.005, 'regression') : 13.21324321560115
(100, 1, 8, 75, 14, 1, 1, 0.4, 0.0005, 'regression') : 13.26635882440695
(70, 1, 32, 75, 14, 1, 1, 0.4, 0.005, 'regression') : 13.305777248642357
(100, 1, 8, 75, 14, 1, 1, 0.0, 0.0005, 'regression') : 13.3228783497351
(150, 1, 32, 75, 14, 1, 1, 0.4, 0.005, 'regression') : 13.414531631554041
(400, 1, 32, 75, 14, 1, 1, 0.4, 0.005, 'regression') : 13.460445852188823
(200, 1, 32, 75, 14, 1, 1, 0.2, 0.001, 'regression') : 13.490784413938243
(70, 1, 32, 75, 14, 1, 1, 0.2, 0.005, 'regression') : 13.50377315871501
(100, 1, 32, 75, 14, 1, 1, 0.4, 0.001, 'regression') : 13.512642227497517
(70, 1, 8, 75, 14, 1, 1, 0.4, 0.0005, 'regression') : 13.518494222470228
(70, 1, 8, 75, 14, 1, 1, 0.2, 0.005, 'regression') : 13.595534081673417
(400, 1, 32, 75, 14, 1, 1, 0.2, 0.001, 'regression') : 13.665501361424429
(400, 1, 8, 75, 14, 1, 1, 0.2, 0.0005, 'regression') : 13.694630390273847
(70, 1, 8, 75, 14, 1, 1, 0.2, 0.0005, 'regression') : 13.745701864182394
(100, 1, 8, 75, 14, 1, 1, 0.4, 0.005, 'regression') : 13.750458068533224
(400, 1, 8, 75, 14, 1, 1, 0.4, 0.0005, 'regression') : 13.755623219565027
(400, 1, 32, 75, 14, 1, 1, 0.0, 0.001, 'regression') : 13.76746555117513
(70, 1, 32, 75, 14, 1, 1, 0.0, 0.001, 'regression') : 13.78959724994473
(200, 1, 8, 75, 14, 1, 1, 0.4, 0.005, 'regression') : 13.796506697663144
(150, 1, 32, 75, 14, 1, 1, 0.2, 0.001, 'regression') : 13.835324996219418
(200, 1, 32, 75, 14, 1, 1, 0.4, 0.001, 'regression') : 13.876411265443725
(200, 1, 8, 75, 14, 1, 1, 0.2, 0.0005, 'regression') : 13.926211383497616
(150, 1, 32, 75, 14, 1, 1, 0.4, 0.001, 'regression') : 13.934527445668826
(200, 1, 8, 75, 14, 1, 1, 0.4, 0.0005, 'regression') : 13.93778007871424
(70, 1, 8, 75, 14, 1, 1, 0.4, 0.005, 'regression') : 13.978592270777842
(400, 1, 32, 75, 14, 1, 1, 0.4, 0.001, 'regression') : 13.979051288280337
(100, 1, 32, 75, 14, 1, 1, 0.2, 0.001, 'regression') : 13.991519776054792
(100, 1, 32, 75, 14, 1, 1, 0.2, 0.0005, 'regression') : 14.087997082581799
(400, 1, 32, 75, 14, 1, 1, 0.0, 0.005, 'regression') : 14.100383421509463
(70, 1, 8, 75, 14, 1, 1, 0.4, 0.001, 'regression') : 14.114428068491426
(150, 1, 8, 75, 14, 1, 1, 0.2, 0.005, 'regression') : 14.157057013581527
(150, 1, 8, 75, 14, 1, 1, 0.0, 0.0005, 'regression') : 14.18181906923014
(400, 1, 32, 75, 14, 1, 1, 0.4, 0.0005, 'regression') : 14.216410236754507
(400, 1, 8, 75, 14, 1, 1, 0.0, 0.0005, 'regression') : 14.336050053524357
(150, 1, 32, 75, 14, 1, 1, 0.2, 0.0005, 'regression') : 14.399203066999032
(70, 1, 32, 75, 14, 1, 1, 0.2, 0.001, 'regression') : 14.436697984303759
(70, 1, 32, 75, 14, 1, 1, 0.0, 0.0005, 'regression') : 14.455767114528157
(70, 1, 32, 75, 14, 1, 1, 0.4, 0.001, 'regression') : 14.459580311413237
(200, 1, 8, 75, 14, 1, 1, 0.0, 0.005, 'regression') : 14.488570442215984
(150, 1, 32, 75, 14, 1, 1, 0.4, 0.0005, 'regression') : 14.489645227450954
(200, 1, 32, 75, 14, 1, 1, 0.0, 0.0005, 'regression') : 14.584515798076191
(70, 1, 8, 75, 14, 1, 1, 0.0, 0.0005, 'regression') : 14.67272557954109
(200, 1, 32, 75, 14, 1, 1, 0.2, 0.0005, 'regression') : 14.675800997678502
(200, 1, 32, 75, 14, 1, 1, 0.4, 0.0005, 'regression') : 14.678949801379627
(70, 1, 32, 75, 14, 1, 1, 0.4, 0.0005, 'regression') : 14.766169168389316
(100, 1, 32, 75, 14, 1, 1, 0.4, 0.0005, 'regression') : 14.77694346846566
(400, 1, 8, 75, 14, 1, 1, 0.2, 0.005, 'regression') : 14.81638968883484
(150, 1, 8, 75, 14, 1, 1, 0.0, 0.005, 'regression') : 14.873079260134109
(200, 1, 32, 75, 14, 1, 1, 0.0, 0.001, 'regression') : 14.911585351967606
(100, 1, 32, 75, 14, 1, 1, 0.0, 0.0005, 'regression') : 14.944423463131253
(400, 1, 32, 75, 14, 1, 1, 0.0, 0.0005, 'regression') : 14.993752009749787
(400, 1, 8, 75, 14, 1, 1, 0.4, 0.005, 'regression') : 15.010905618791464
(150, 1, 32, 75, 14, 1, 1, 0.0, 0.001, 'regression') : 15.051126776760864
(400, 1, 32, 75, 14, 1, 1, 0.2, 0.0005, 'regression') : 15.39376911618174
(400, 1, 8, 75, 14, 1, 1, 0.0, 0.005, 'regression') : 15.464930176596905
(70, 1, 32, 75, 14, 1, 1, 0.2, 0.0005, 'regression') : 15.639581476628234
(100, 1, 8, 75, 14, 1, 1, 0.2, 0.005, 'regression') : 15.736184754005768
(150, 1, 32, 75, 14, 1, 1, 0.0, 0.0005, 'regression') : 15.970836226066321
(100, 1, 8, 75, 14, 1, 1, 0.0, 0.005, 'regression') : 16.1125829479591
(200, 1, 8, 75, 14, 1, 1, 0.2, 0.005, 'regression') : 16.700095603751823
