Best Hyperparameter:(150, 1, 8, 75, 14, 1, 1, 0.2, 0.001, 'regression')

All Results:
(150, 1, 8, 75, 14, 1, 1, 0.2, 0.001, 'regression') : 8.699486093253947
(400, 1, 8, 75, 14, 1, 1, 0.4, 0.0005, 'regression') : 8.951582426672111
(100, 1, 8, 75, 14, 1, 1, 0.2, 0.0005, 'regression') : 9.109602305002905
(70, 1, 8, 75, 14, 1, 1, 0.0, 0.0005, 'regression') : 9.164715965176205
(200, 1, 8, 75, 14, 1, 1, 0.2, 0.0005, 'regression') : 9.17403951313986
(100, 1, 8, 75, 14, 1, 1, 0.0, 0.0005, 'regression') : 9.543679236102912
(400, 1, 8, 75, 14, 1, 1, 0.4, 0.001, 'regression') : 9.582368602668799
(70, 1, 8, 75, 14, 1, 1, 0.4, 0.001, 'regression') : 9.605062007336699
(70, 1, 8, 75, 14, 1, 1, 0.4, 0.0005, 'regression') : 9.614183636955085
(200, 1, 8, 75, 14, 1, 1, 0.0, 0.0005, 'regression') : 9.705152530408265
(150, 1, 8, 75, 14, 1, 1, 0.0, 0.0005, 'regression') : 9.729461675665046
(100, 1, 8, 75, 14, 1, 1, 0.4, 0.001, 'regression') : 9.775170474505035
(400, 1, 8, 75, 14, 1, 1, 0.2, 0.0005, 'regression') : 9.83060609621737
(200, 1, 8, 75, 14, 1, 1, 0.0, 0.001, 'regression') : 9.835912665191785
(150, 1, 8, 75, 14, 1, 1, 0.2, 0.0005, 'regression') : 9.933317071410846
(150, 1, 8, 75, 14, 1, 1, 0.4, 0.001, 'regression') : 9.965025570275934
(100, 1, 8, 75, 14, 1, 1, 0.4, 0.0005, 'regression') : 10.04260575323495
(400, 1, 8, 75, 14, 1, 1, 0.2, 0.001, 'regression') : 10.155945356354428
(200, 1, 8, 75, 14, 1, 1, 0.4, 0.001, 'regression') : 10.16057596104503
(100, 1, 8, 75, 14, 1, 1, 0.0, 0.001, 'regression') : 10.234749217272887
(70, 1, 8, 75, 14, 1, 1, 0.2, 0.0005, 'regression') : 10.419011841789345
(70, 1, 8, 75, 14, 1, 1, 0.2, 0.001, 'regression') : 10.83388172839077
(150, 1, 8, 75, 14, 1, 1, 0.4, 0.0005, 'regression') : 10.931904193828256
(100, 1, 32, 75, 14, 1, 1, 0.0, 0.001, 'regression') : 10.948228792442787
(400, 1, 8, 75, 14, 1, 1, 0.0, 0.0005, 'regression') : 11.078490302264733
(200, 1, 8, 75, 14, 1, 1, 0.2, 0.001, 'regression') : 11.152670969869018
(200, 1, 8, 75, 14, 1, 1, 0.4, 0.0005, 'regression') : 11.177187175029156
(70, 1, 8, 75, 14, 1, 1, 0.0, 0.005, 'regression') : 11.455114615309897
(70, 1, 8, 75, 14, 1, 1, 0.0, 0.001, 'regression') : 11.625141062010774
(100, 1, 8, 75, 14, 1, 1, 0.2, 0.001, 'regression') : 11.831227781577415
(150, 1, 8, 75, 14, 1, 1, 0.0, 0.001, 'regression') : 11.879576757262694
(100, 1, 32, 75, 14, 1, 1, 0.2, 0.001, 'regression') : 11.884291783326589
(400, 1, 8, 75, 14, 1, 1, 0.2, 0.005, 'regression') : 11.927325040348668
(400, 1, 32, 75, 14, 1, 1, 0.4, 0.001, 'regression') : 12.104083710231476
(400, 1, 32, 75, 14, 1, 1, 0.0, 0.001, 'regression') : 12.358203942500547
(150, 1, 8, 75, 14, 1, 1, 0.2, 0.005, 'regression') : 12.406189048076465
(150, 1, 32, 75, 14, 1, 1, 0.2, 0.001, 'regression') : 12.603032511874398
(400, 1, 8, 75, 14, 1, 1, 0.0, 0.001, 'regression') : 12.72754072364813
(200, 1, 32, 75, 14, 1, 1, 0.2, 0.001, 'regression') : 12.798864156198167
(70, 1, 32, 75, 14, 1, 1, 0.4, 0.005, 'regression') : 12.977542175917545
(150, 1, 32, 75, 14, 1, 1, 0.4, 0.001, 'regression') : 13.031516278485082
(200, 1, 8, 75, 14, 1, 1, 0.4, 0.005, 'regression') : 13.116244523726795
(100, 1, 8, 75, 14, 1, 1, 0.0, 0.005, 'regression') : 13.119233012136917
(100, 1, 32, 75, 14, 1, 1, 0.4, 0.001, 'regression') : 13.277766237888162
(400, 1, 8, 75, 14, 1, 1, 0.0, 0.005, 'regression') : 13.370835991307155
(70, 1, 32, 75, 14, 1, 1, 0.4, 0.001, 'regression') : 13.417815478219921
(200, 1, 32, 75, 14, 1, 1, 0.4, 0.001, 'regression') : 13.443498609789254
(70, 1, 32, 75, 14, 1, 1, 0.2, 0.001, 'regression') : 13.460464831012127
(400, 1, 32, 75, 14, 1, 1, 0.2, 0.001, 'regression') : 13.5270821790186
(400, 1, 32, 75, 14, 1, 1, 0.0, 0.005, 'regression') : 13.582329368815374
(100, 1, 32, 75, 14, 1, 1, 0.2, 0.005, 'regression') : 13.637356049604929
(100, 1, 32, 75, 14, 1, 1, 0.0, 0.005, 'regression') : 13.81418754281072
(200, 1, 32, 75, 14, 1, 1, 0.0, 0.001, 'regression') : 13.921612862218083
(200, 1, 8, 75, 14, 1, 1, 0.0, 0.005, 'regression') : 14.216810624349772
(150, 1, 8, 75, 14, 1, 1, 0.4, 0.005, 'regression') : 14.408689836692986
(150, 1, 32, 75, 14, 1, 1, 0.0, 0.001, 'regression') : 14.411321148050101
(150, 1, 32, 75, 14, 1, 1, 0.2, 0.005, 'regression') : 14.466118766508194
(200, 1, 32, 75, 14, 1, 1, 0.0, 0.005, 'regression') : 14.568220218627363
(200, 1, 32, 75, 14, 1, 1, 0.2, 0.005, 'regression') : 14.634770840329164
(400, 1, 32, 75, 14, 1, 1, 0.4, 0.005, 'regression') : 14.68944226123134
(70, 1, 32, 75, 14, 1, 1, 0.2, 0.005, 'regression') : 14.837755464334354
(70, 1, 32, 75, 14, 1, 1, 0.0, 0.001, 'regression') : 14.885722720169335
(100, 1, 8, 75, 14, 1, 1, 0.2, 0.005, 'regression') : 15.23670301493533
(100, 1, 32, 75, 14, 1, 1, 0.4, 0.005, 'regression') : 15.438804822095213
(200, 1, 8, 75, 14, 1, 1, 0.2, 0.005, 'regression') : 15.699219476790745
(70, 1, 8, 75, 14, 1, 1, 0.2, 0.005, 'regression') : 15.71445914809372
(70, 1, 8, 75, 14, 1, 1, 0.4, 0.005, 'regression') : 15.892584306420687
(400, 1, 32, 75, 14, 1, 1, 0.2, 0.005, 'regression') : 16.015848409247575
(70, 1, 32, 75, 14, 1, 1, 0.0, 0.005, 'regression') : 16.030525994981385
(100, 1, 8, 75, 14, 1, 1, 0.4, 0.005, 'regression') : 16.06754067547377
(150, 1, 32, 75, 14, 1, 1, 0.4, 0.005, 'regression') : 16.8859155257562
(150, 1, 32, 75, 14, 1, 1, 0.0, 0.005, 'regression') : 17.048694476273255
(400, 1, 8, 75, 14, 1, 1, 0.4, 0.005, 'regression') : 17.423206267462806
(200, 1, 32, 75, 14, 1, 1, 0.4, 0.005, 'regression') : 17.79374892583126
(200, 1, 32, 75, 14, 1, 1, 0.0, 0.0005, 'regression') : 18.24766555347905
(150, 1, 32, 75, 14, 1, 1, 0.4, 0.0005, 'regression') : 18.351598525603002
(100, 1, 32, 75, 14, 1, 1, 0.4, 0.0005, 'regression') : 18.63798994677932
(400, 1, 32, 75, 14, 1, 1, 0.4, 0.0005, 'regression') : 18.70671673018609
(400, 1, 32, 75, 14, 1, 1, 0.2, 0.0005, 'regression') : 18.79332665528085
(150, 1, 32, 75, 14, 1, 1, 0.2, 0.0005, 'regression') : 18.81835091056906
(150, 1, 8, 75, 14, 1, 1, 0.0, 0.005, 'regression') : 19.14960437180021
(70, 1, 32, 75, 14, 1, 1, 0.0, 0.0005, 'regression') : 19.206190895334032
(150, 1, 32, 75, 14, 1, 1, 0.0, 0.0005, 'regression') : 19.261619243603555
(200, 1, 32, 75, 14, 1, 1, 0.4, 0.0005, 'regression') : 19.523730191980018
(400, 1, 32, 75, 14, 1, 1, 0.0, 0.0005, 'regression') : 19.648490054941107
(100, 1, 32, 75, 14, 1, 1, 0.2, 0.0005, 'regression') : 19.655460575134367
(70, 1, 32, 75, 14, 1, 1, 0.4, 0.0005, 'regression') : 19.708063438056502
(70, 1, 32, 75, 14, 1, 1, 0.2, 0.0005, 'regression') : 19.808194645876817
(100, 1, 32, 75, 14, 1, 1, 0.0, 0.0005, 'regression') : 20.021220828868888
(200, 1, 32, 75, 14, 1, 1, 0.2, 0.0005, 'regression') : 20.6267750946357
