Best Hyperparameter:(400, 1, 8, 75, 14, 1, 1, 0.0, 0.001, 'regression')

All Results:
(400, 1, 8, 75, 14, 1, 1, 0.0, 0.001, 'regression') : 7.386631800198321
(150, 1, 8, 75, 14, 1, 1, 0.0, 0.0005, 'regression') : 7.727811412928624
(70, 1, 8, 75, 14, 1, 1, 0.4, 0.001, 'regression') : 7.793258843452388
(200, 1, 8, 75, 14, 1, 1, 0.0, 0.001, 'regression') : 7.9553492787947295
(70, 1, 8, 75, 14, 1, 1, 0.4, 0.0005, 'regression') : 8.15492105790246
(400, 1, 8, 75, 14, 1, 1, 0.2, 0.0005, 'regression') : 8.189518229537848
(150, 1, 8, 75, 14, 1, 1, 0.4, 0.001, 'regression') : 8.249290810693017
(400, 1, 8, 75, 14, 1, 1, 0.4, 0.001, 'regression') : 8.260761686828003
(200, 1, 8, 75, 14, 1, 1, 0.2, 0.001, 'regression') : 8.263817170271983
(200, 1, 8, 75, 14, 1, 1, 0.0, 0.0005, 'regression') : 8.604640887441613
(150, 1, 8, 75, 14, 1, 1, 0.2, 0.001, 'regression') : 8.696535125319519
(100, 1, 8, 75, 14, 1, 1, 0.0, 0.0005, 'regression') : 8.754565481466518
(150, 1, 8, 75, 14, 1, 1, 0.4, 0.0005, 'regression') : 8.80104655910344
(150, 1, 8, 75, 14, 1, 1, 0.0, 0.001, 'regression') : 8.85686227684951
(200, 1, 8, 75, 14, 1, 1, 0.4, 0.001, 'regression') : 9.090607871970773
(400, 1, 8, 75, 14, 1, 1, 0.4, 0.0005, 'regression') : 9.120052693475902
(70, 1, 8, 75, 14, 1, 1, 0.0, 0.001, 'regression') : 9.237313016886791
(400, 1, 8, 75, 14, 1, 1, 0.2, 0.001, 'regression') : 9.314345227377087
(100, 1, 8, 75, 14, 1, 1, 0.2, 0.001, 'regression') : 9.420268024769753
(200, 1, 8, 75, 14, 1, 1, 0.2, 0.0005, 'regression') : 9.446255124352781
(100, 1, 8, 75, 14, 1, 1, 0.2, 0.0005, 'regression') : 9.4866135473731
(400, 1, 8, 75, 14, 1, 1, 0.0, 0.0005, 'regression') : 9.534662254879324
(150, 1, 8, 75, 14, 1, 1, 0.4, 0.005, 'regression') : 9.570046655296943
(100, 1, 8, 75, 14, 1, 1, 0.0, 0.001, 'regression') : 9.671258354628147
(70, 1, 8, 75, 14, 1, 1, 0.0, 0.0005, 'regression') : 9.682799689186766
(100, 1, 8, 75, 14, 1, 1, 0.4, 0.001, 'regression') : 9.771132820414994
(400, 1, 32, 75, 14, 1, 1, 0.0, 0.001, 'regression') : 9.892286535217917
(200, 1, 8, 75, 14, 1, 1, 0.4, 0.0005, 'regression') : 9.909670552541538
(150, 1, 32, 75, 14, 1, 1, 0.0, 0.001, 'regression') : 9.917338394151676
(70, 1, 8, 75, 14, 1, 1, 0.2, 0.0005, 'regression') : 9.920255902525227
(150, 1, 8, 75, 14, 1, 1, 0.2, 0.0005, 'regression') : 10.02717118170671
(70, 1, 8, 75, 14, 1, 1, 0.2, 0.001, 'regression') : 10.133705524393083
(100, 1, 8, 75, 14, 1, 1, 0.4, 0.0005, 'regression') : 10.139024118723606
(100, 1, 32, 75, 14, 1, 1, 0.2, 0.001, 'regression') : 10.443624591403646
(200, 1, 32, 75, 14, 1, 1, 0.2, 0.001, 'regression') : 10.446357192574613
(200, 1, 8, 75, 14, 1, 1, 0.4, 0.005, 'regression') : 10.578802190384474
(400, 1, 8, 75, 14, 1, 1, 0.2, 0.005, 'regression') : 10.637552394219922
(70, 1, 32, 75, 14, 1, 1, 0.4, 0.001, 'regression') : 10.738843793320108
(150, 1, 32, 75, 14, 1, 1, 0.2, 0.001, 'regression') : 10.856853167399475
(150, 1, 32, 75, 14, 1, 1, 0.4, 0.001, 'regression') : 10.956753990607643
(400, 1, 32, 75, 14, 1, 1, 0.2, 0.001, 'regression') : 11.006420169466995
(200, 1, 32, 75, 14, 1, 1, 0.2, 0.005, 'regression') : 11.024915649051886
(200, 1, 32, 75, 14, 1, 1, 0.4, 0.001, 'regression') : 11.047786436052423
(100, 1, 8, 75, 14, 1, 1, 0.0, 0.005, 'regression') : 11.071740908127195
(100, 1, 8, 75, 14, 1, 1, 0.2, 0.005, 'regression') : 11.241599771865442
(400, 1, 32, 75, 14, 1, 1, 0.2, 0.005, 'regression') : 11.57604685498126
(100, 1, 32, 75, 14, 1, 1, 0.0, 0.001, 'regression') : 11.593267429215594
(400, 1, 32, 75, 14, 1, 1, 0.4, 0.001, 'regression') : 11.652545231562295
(100, 1, 8, 75, 14, 1, 1, 0.4, 0.005, 'regression') : 11.800358016096455
(400, 1, 8, 75, 14, 1, 1, 0.0, 0.005, 'regression') : 12.145907741985882
(100, 1, 32, 75, 14, 1, 1, 0.4, 0.005, 'regression') : 12.441824470316584
(200, 1, 32, 75, 14, 1, 1, 0.0, 0.001, 'regression') : 12.493485545097768
(200, 1, 32, 75, 14, 1, 1, 0.4, 0.005, 'regression') : 12.566294010734078
(150, 1, 32, 75, 14, 1, 1, 0.4, 0.005, 'regression') : 12.761294089780282
(70, 1, 8, 75, 14, 1, 1, 0.2, 0.005, 'regression') : 12.84046858298349
(70, 1, 32, 75, 14, 1, 1, 0.2, 0.001, 'regression') : 12.87633456264071
(150, 1, 8, 75, 14, 1, 1, 0.0, 0.005, 'regression') : 13.02908522306222
(70, 1, 32, 75, 14, 1, 1, 0.0, 0.005, 'regression') : 13.042722368524176
(200, 1, 8, 75, 14, 1, 1, 0.0, 0.005, 'regression') : 13.163906042693373
(150, 1, 8, 75, 14, 1, 1, 0.2, 0.005, 'regression') : 13.250645811914683
(100, 1, 32, 75, 14, 1, 1, 0.4, 0.001, 'regression') : 13.25758806465582
(100, 1, 32, 75, 14, 1, 1, 0.0, 0.005, 'regression') : 13.824915515175153
(400, 1, 8, 75, 14, 1, 1, 0.4, 0.005, 'regression') : 13.888060687654868
(150, 1, 32, 75, 14, 1, 1, 0.2, 0.005, 'regression') : 13.964396234280585
(70, 1, 8, 75, 14, 1, 1, 0.4, 0.005, 'regression') : 14.159659581388965
(70, 1, 32, 75, 14, 1, 1, 0.4, 0.005, 'regression') : 14.353031799912292
(70, 1, 8, 75, 14, 1, 1, 0.0, 0.005, 'regression') : 14.492444408056162
(200, 1, 32, 75, 14, 1, 1, 0.0, 0.005, 'regression') : 14.516968485135044
(70, 1, 32, 75, 14, 1, 1, 0.0, 0.001, 'regression') : 14.857482061712721
(150, 1, 32, 75, 14, 1, 1, 0.0, 0.005, 'regression') : 14.892261184881196
(70, 1, 32, 75, 14, 1, 1, 0.2, 0.005, 'regression') : 14.917937877100973
(400, 1, 32, 75, 14, 1, 1, 0.4, 0.005, 'regression') : 15.05859444834617
(100, 1, 32, 75, 14, 1, 1, 0.2, 0.005, 'regression') : 15.585606186369006
(400, 1, 32, 75, 14, 1, 1, 0.0, 0.005, 'regression') : 15.990848186272592
(200, 1, 8, 75, 14, 1, 1, 0.2, 0.005, 'regression') : 16.128794190354363
(100, 1, 32, 75, 14, 1, 1, 0.4, 0.0005, 'regression') : 17.23089314166859
(70, 1, 32, 75, 14, 1, 1, 0.4, 0.0005, 'regression') : 17.673287054176548
(200, 1, 32, 75, 14, 1, 1, 0.2, 0.0005, 'regression') : 18.39746176822957
(200, 1, 32, 75, 14, 1, 1, 0.4, 0.0005, 'regression') : 18.41873772022991
(70, 1, 32, 75, 14, 1, 1, 0.0, 0.0005, 'regression') : 18.47866282862362
(200, 1, 32, 75, 14, 1, 1, 0.0, 0.0005, 'regression') : 18.478802767269435
(70, 1, 32, 75, 14, 1, 1, 0.2, 0.0005, 'regression') : 18.784072330306365
(400, 1, 32, 75, 14, 1, 1, 0.4, 0.0005, 'regression') : 18.859634798643295
(400, 1, 32, 75, 14, 1, 1, 0.0, 0.0005, 'regression') : 19.16051613448706
(400, 1, 32, 75, 14, 1, 1, 0.2, 0.0005, 'regression') : 19.18207495669929
(150, 1, 32, 75, 14, 1, 1, 0.0, 0.0005, 'regression') : 19.43014216851285
(150, 1, 32, 75, 14, 1, 1, 0.4, 0.0005, 'regression') : 19.466670684276078
(100, 1, 32, 75, 14, 1, 1, 0.0, 0.0005, 'regression') : 19.555420879244355
(150, 1, 32, 75, 14, 1, 1, 0.2, 0.0005, 'regression') : 20.096242780513414
(100, 1, 32, 75, 14, 1, 1, 0.2, 0.0005, 'regression') : 20.117209934535442
