Best Hyperparameter:(200, 1, 32, 75, 14, 1, 1, 0.2, 0.001, 'regression')

All Results:
(200, 1, 32, 75, 14, 1, 1, 0.2, 0.001, 'regression') : 6.222077710503457
(200, 1, 8, 75, 14, 1, 1, 0.0, 0.001, 'regression') : 6.306362267933825
(400, 1, 32, 75, 14, 1, 1, 0.2, 0.001, 'regression') : 6.427753384991604
(400, 1, 8, 75, 14, 1, 1, 0.0, 0.0005, 'regression') : 6.4695290829621
(400, 1, 8, 75, 14, 1, 1, 0.2, 0.0005, 'regression') : 6.514431889789781
(70, 1, 8, 75, 14, 1, 1, 0.4, 0.001, 'regression') : 6.62109565925258
(150, 1, 8, 75, 14, 1, 1, 0.0, 0.001, 'regression') : 6.69400913773589
(100, 1, 32, 75, 14, 1, 1, 0.2, 0.001, 'regression') : 6.695518520806073
(70, 1, 32, 75, 14, 1, 1, 0.0, 0.001, 'regression') : 6.750363333601934
(70, 1, 32, 75, 14, 1, 1, 0.2, 0.001, 'regression') : 6.7544685519906835
(100, 1, 8, 75, 14, 1, 1, 0.2, 0.0005, 'regression') : 6.767905287431901
(70, 1, 8, 75, 14, 1, 1, 0.0, 0.0005, 'regression') : 6.788298751987784
(400, 1, 32, 75, 14, 1, 1, 0.4, 0.001, 'regression') : 6.79067127510873
(200, 1, 32, 75, 14, 1, 1, 0.0, 0.001, 'regression') : 6.980033017236158
(100, 1, 32, 75, 14, 1, 1, 0.0, 0.001, 'regression') : 6.987325944157779
(70, 1, 8, 75, 14, 1, 1, 0.4, 0.0005, 'regression') : 7.006876554369768
(70, 1, 8, 75, 14, 1, 1, 0.0, 0.001, 'regression') : 7.028902584653314
(150, 1, 32, 75, 14, 1, 1, 0.0, 0.001, 'regression') : 7.052856994180627
(150, 1, 32, 75, 14, 1, 1, 0.4, 0.0005, 'regression') : 7.070463362619042
(150, 1, 32, 75, 14, 1, 1, 0.2, 0.001, 'regression') : 7.1472947280253365
(100, 1, 8, 75, 14, 1, 1, 0.2, 0.001, 'regression') : 7.184667426697468
(70, 1, 8, 75, 14, 1, 1, 0.2, 0.0005, 'regression') : 7.214417712301833
(100, 1, 8, 75, 14, 1, 1, 0.0, 0.001, 'regression') : 7.221209955519685
(150, 1, 32, 75, 14, 1, 1, 0.4, 0.001, 'regression') : 7.236775922411065
(100, 1, 32, 75, 14, 1, 1, 0.4, 0.0005, 'regression') : 7.344528775883606
(100, 1, 32, 75, 14, 1, 1, 0.4, 0.001, 'regression') : 7.436756008230356
(70, 1, 32, 75, 14, 1, 1, 0.0, 0.0005, 'regression') : 7.4449741311111435
(100, 1, 8, 75, 14, 1, 1, 0.0, 0.0005, 'regression') : 7.450753295239609
(200, 1, 32, 75, 14, 1, 1, 0.4, 0.001, 'regression') : 7.464131197600193
(70, 1, 32, 75, 14, 1, 1, 0.4, 0.0005, 'regression') : 7.473600689541996
(400, 1, 8, 75, 14, 1, 1, 0.4, 0.0005, 'regression') : 7.50956068671168
(100, 1, 8, 75, 14, 1, 1, 0.4, 0.0005, 'regression') : 7.520150126874701
(150, 1, 8, 75, 14, 1, 1, 0.4, 0.001, 'regression') : 7.532211856583134
(200, 1, 8, 75, 14, 1, 1, 0.4, 0.001, 'regression') : 7.5529060957144365
(400, 1, 32, 75, 14, 1, 1, 0.2, 0.0005, 'regression') : 7.590301649236594
(70, 1, 32, 75, 14, 1, 1, 0.4, 0.001, 'regression') : 7.684455334565001
(150, 1, 8, 75, 14, 1, 1, 0.2, 0.0005, 'regression') : 7.773140212039856
(150, 1, 8, 75, 14, 1, 1, 0.4, 0.0005, 'regression') : 7.774147231684843
(200, 1, 32, 75, 14, 1, 1, 0.4, 0.0005, 'regression') : 7.784498129442251
(150, 1, 32, 75, 14, 1, 1, 0.2, 0.0005, 'regression') : 7.816824565952855
(200, 1, 32, 75, 14, 1, 1, 0.2, 0.0005, 'regression') : 7.818725761115613
(200, 1, 8, 75, 14, 1, 1, 0.2, 0.0005, 'regression') : 7.828528224560979
(200, 1, 8, 75, 14, 1, 1, 0.4, 0.0005, 'regression') : 7.844124806246354
(100, 1, 8, 75, 14, 1, 1, 0.4, 0.001, 'regression') : 7.850279215420729
(100, 1, 32, 75, 14, 1, 1, 0.0, 0.0005, 'regression') : 7.9151157605243245
(200, 1, 32, 75, 14, 1, 1, 0.0, 0.0005, 'regression') : 8.001143692618474
(150, 1, 8, 75, 14, 1, 1, 0.0, 0.0005, 'regression') : 8.040117308279257
(100, 1, 32, 75, 14, 1, 1, 0.2, 0.0005, 'regression') : 8.067845533392353
(200, 1, 8, 75, 14, 1, 1, 0.2, 0.001, 'regression') : 8.113734298346213
(150, 1, 8, 75, 14, 1, 1, 0.2, 0.001, 'regression') : 8.12381985826951
(70, 1, 8, 75, 14, 1, 1, 0.2, 0.001, 'regression') : 8.173449105254896
(400, 1, 32, 75, 14, 1, 1, 0.0, 0.0005, 'regression') : 8.20147236662346
(100, 1, 32, 75, 14, 1, 1, 0.0, 0.005, 'regression') : 8.218724780566063
(400, 1, 32, 75, 14, 1, 1, 0.0, 0.001, 'regression') : 8.34988490830372
(400, 1, 8, 75, 14, 1, 1, 0.2, 0.001, 'regression') : 8.370579806280062
(400, 1, 8, 75, 14, 1, 1, 0.0, 0.001, 'regression') : 8.388565876243774
(150, 1, 32, 75, 14, 1, 1, 0.0, 0.0005, 'regression') : 8.389280066897518
(200, 1, 32, 75, 14, 1, 1, 0.0, 0.005, 'regression') : 8.409362227545513
(400, 1, 32, 75, 14, 1, 1, 0.4, 0.0005, 'regression') : 8.478114538681782
(400, 1, 8, 75, 14, 1, 1, 0.4, 0.001, 'regression') : 8.497087079441044
(200, 1, 8, 75, 14, 1, 1, 0.0, 0.0005, 'regression') : 8.503206433256155
(70, 1, 32, 75, 14, 1, 1, 0.2, 0.0005, 'regression') : 8.546974565088108
(400, 1, 32, 75, 14, 1, 1, 0.2, 0.005, 'regression') : 8.906195358971306
(150, 1, 32, 75, 14, 1, 1, 0.2, 0.005, 'regression') : 9.163264043898304
(400, 1, 8, 75, 14, 1, 1, 0.0, 0.005, 'regression') : 9.239864162029338
(150, 1, 32, 75, 14, 1, 1, 0.0, 0.005, 'regression') : 9.30412668786658
(70, 1, 32, 75, 14, 1, 1, 0.0, 0.005, 'regression') : 9.528630302432529
(100, 1, 32, 75, 14, 1, 1, 0.4, 0.005, 'regression') : 9.58180622760207
(70, 1, 32, 75, 14, 1, 1, 0.4, 0.005, 'regression') : 9.60696632198238
(200, 1, 32, 75, 14, 1, 1, 0.4, 0.005, 'regression') : 10.016829673794023
(100, 1, 8, 75, 14, 1, 1, 0.0, 0.005, 'regression') : 10.259799381348667
(200, 1, 32, 75, 14, 1, 1, 0.2, 0.005, 'regression') : 10.494009261688046
(70, 1, 8, 75, 14, 1, 1, 0.2, 0.005, 'regression') : 10.542734481614445
(400, 1, 32, 75, 14, 1, 1, 0.4, 0.005, 'regression') : 10.635336868627462
(200, 1, 8, 75, 14, 1, 1, 0.4, 0.005, 'regression') : 10.706030161736953
(400, 1, 32, 75, 14, 1, 1, 0.0, 0.005, 'regression') : 10.866893030578836
(100, 1, 32, 75, 14, 1, 1, 0.2, 0.005, 'regression') : 10.897880126877258
(100, 1, 8, 75, 14, 1, 1, 0.4, 0.005, 'regression') : 10.90575440928537
(150, 1, 8, 75, 14, 1, 1, 0.0, 0.005, 'regression') : 10.952055067307823
(70, 1, 32, 75, 14, 1, 1, 0.2, 0.005, 'regression') : 11.195737408596633
(200, 1, 8, 75, 14, 1, 1, 0.0, 0.005, 'regression') : 11.323281543389811
(200, 1, 8, 75, 14, 1, 1, 0.2, 0.005, 'regression') : 11.903507292204504
(100, 1, 8, 75, 14, 1, 1, 0.2, 0.005, 'regression') : 12.07590560720433
(70, 1, 8, 75, 14, 1, 1, 0.0, 0.005, 'regression') : 12.44936614216501
(400, 1, 8, 75, 14, 1, 1, 0.2, 0.005, 'regression') : 12.542575147524849
(70, 1, 8, 75, 14, 1, 1, 0.4, 0.005, 'regression') : 12.57749449691579
(150, 1, 32, 75, 14, 1, 1, 0.4, 0.005, 'regression') : 12.6049508428258
(150, 1, 8, 75, 14, 1, 1, 0.4, 0.005, 'regression') : 12.884375332997262
(400, 1, 8, 75, 14, 1, 1, 0.4, 0.005, 'regression') : 13.311172830395032
(150, 1, 8, 75, 14, 1, 1, 0.2, 0.005, 'regression') : 14.482617896160894
