Best Hyperparameter:(150, 1, 32, 75, 14, 1, 1, 0.0, 0.001, 'regression')

All Results:
(150, 1, 32, 75, 14, 1, 1, 0.0, 0.001, 'regression') : 5.969638556149271
(150, 1, 8, 75, 14, 1, 1, 0.2, 0.0005, 'regression') : 6.192814160576267
(150, 1, 8, 75, 14, 1, 1, 0.4, 0.0005, 'regression') : 6.270725591851642
(200, 1, 32, 75, 14, 1, 1, 0.2, 0.001, 'regression') : 6.275310867581355
(400, 1, 8, 75, 14, 1, 1, 0.4, 0.0005, 'regression') : 6.281664482660219
(200, 1, 8, 75, 14, 1, 1, 0.4, 0.0005, 'regression') : 6.301110603459863
(100, 1, 8, 75, 14, 1, 1, 0.0, 0.001, 'regression') : 6.347620343548337
(100, 1, 32, 75, 14, 1, 1, 0.0, 0.001, 'regression') : 6.416055879740116
(100, 1, 8, 75, 14, 1, 1, 0.2, 0.001, 'regression') : 6.461118631820513
(400, 1, 32, 75, 14, 1, 1, 0.0, 0.001, 'regression') : 6.483106486395647
(70, 1, 8, 75, 14, 1, 1, 0.0, 0.0005, 'regression') : 6.559258199481074
(400, 1, 8, 75, 14, 1, 1, 0.2, 0.001, 'regression') : 6.562847841879855
(100, 1, 8, 75, 14, 1, 1, 0.4, 0.0005, 'regression') : 6.601815538859414
(400, 1, 32, 75, 14, 1, 1, 0.2, 0.001, 'regression') : 6.635035392169573
(100, 1, 32, 75, 14, 1, 1, 0.2, 0.001, 'regression') : 6.644918998721488
(400, 1, 8, 75, 14, 1, 1, 0.4, 0.001, 'regression') : 6.736056556953741
(100, 1, 8, 75, 14, 1, 1, 0.4, 0.001, 'regression') : 6.800038947153413
(70, 1, 8, 75, 14, 1, 1, 0.2, 0.0005, 'regression') : 6.8137023539884
(200, 1, 32, 75, 14, 1, 1, 0.4, 0.001, 'regression') : 6.84770547465597
(100, 1, 8, 75, 14, 1, 1, 0.0, 0.0005, 'regression') : 6.868226678544582
(70, 1, 32, 75, 14, 1, 1, 0.4, 0.001, 'regression') : 6.929217151033629
(70, 1, 8, 75, 14, 1, 1, 0.0, 0.001, 'regression') : 6.940105164685027
(150, 1, 8, 75, 14, 1, 1, 0.0, 0.0005, 'regression') : 6.969663307907268
(400, 1, 8, 75, 14, 1, 1, 0.0, 0.001, 'regression') : 6.975810691869114
(150, 1, 32, 75, 14, 1, 1, 0.4, 0.001, 'regression') : 6.9897786203746595
(200, 1, 8, 75, 14, 1, 1, 0.0, 0.001, 'regression') : 7.002537405436681
(70, 1, 32, 75, 14, 1, 1, 0.0, 0.001, 'regression') : 7.006543736134104
(200, 1, 8, 75, 14, 1, 1, 0.4, 0.001, 'regression') : 7.053130889603343
(200, 1, 32, 75, 14, 1, 1, 0.0, 0.001, 'regression') : 7.186140015140909
(150, 1, 8, 75, 14, 1, 1, 0.0, 0.001, 'regression') : 7.2042997572834295
(100, 1, 32, 75, 14, 1, 1, 0.4, 0.001, 'regression') : 7.236892261584193
(70, 1, 32, 75, 14, 1, 1, 0.2, 0.0005, 'regression') : 7.276352319040417
(400, 1, 32, 75, 14, 1, 1, 0.4, 0.001, 'regression') : 7.371928681425762
(400, 1, 8, 75, 14, 1, 1, 0.0, 0.0005, 'regression') : 7.394250730652473
(70, 1, 8, 75, 14, 1, 1, 0.4, 0.0005, 'regression') : 7.481018103691381
(200, 1, 32, 75, 14, 1, 1, 0.4, 0.0005, 'regression') : 7.571798547176279
(150, 1, 8, 75, 14, 1, 1, 0.4, 0.001, 'regression') : 7.5922527575360785
(200, 1, 32, 75, 14, 1, 1, 0.0, 0.0005, 'regression') : 7.594563832669399
(400, 1, 8, 75, 14, 1, 1, 0.2, 0.0005, 'regression') : 7.661118144466843
(150, 1, 32, 75, 14, 1, 1, 0.0, 0.0005, 'regression') : 7.675160456726145
(150, 1, 8, 75, 14, 1, 1, 0.2, 0.001, 'regression') : 7.697492180942516
(70, 1, 32, 75, 14, 1, 1, 0.2, 0.001, 'regression') : 7.706345706810369
(70, 1, 8, 75, 14, 1, 1, 0.4, 0.001, 'regression') : 7.715808442439735
(70, 1, 32, 75, 14, 1, 1, 0.4, 0.0005, 'regression') : 7.810862893361845
(150, 1, 32, 75, 14, 1, 1, 0.2, 0.0005, 'regression') : 7.818937088171376
(400, 1, 32, 75, 14, 1, 1, 0.0, 0.0005, 'regression') : 7.844369233955581
(150, 1, 32, 75, 14, 1, 1, 0.4, 0.0005, 'regression') : 7.869380655391526
(100, 1, 32, 75, 14, 1, 1, 0.4, 0.0005, 'regression') : 7.96322118425846
(200, 1, 32, 75, 14, 1, 1, 0.2, 0.0005, 'regression') : 8.09225337563753
(400, 1, 32, 75, 14, 1, 1, 0.2, 0.0005, 'regression') : 8.102842699931944
(200, 1, 8, 75, 14, 1, 1, 0.2, 0.0005, 'regression') : 8.135603227513014
(400, 1, 32, 75, 14, 1, 1, 0.4, 0.0005, 'regression') : 8.199306384146803
(400, 1, 32, 75, 14, 1, 1, 0.0, 0.005, 'regression') : 8.241376889903691
(150, 1, 32, 75, 14, 1, 1, 0.2, 0.001, 'regression') : 8.259299993549234
(100, 1, 32, 75, 14, 1, 1, 0.0, 0.0005, 'regression') : 8.285811112802563
(200, 1, 8, 75, 14, 1, 1, 0.2, 0.001, 'regression') : 8.350799274753328
(400, 1, 32, 75, 14, 1, 1, 0.2, 0.005, 'regression') : 8.370009482059789
(200, 1, 32, 75, 14, 1, 1, 0.2, 0.005, 'regression') : 8.657460150614563
(70, 1, 32, 75, 14, 1, 1, 0.4, 0.005, 'regression') : 8.68710178484671
(70, 1, 8, 75, 14, 1, 1, 0.2, 0.005, 'regression') : 8.706533122877639
(70, 1, 8, 75, 14, 1, 1, 0.2, 0.001, 'regression') : 8.745274249279491
(100, 1, 8, 75, 14, 1, 1, 0.2, 0.0005, 'regression') : 8.800903491335296
(70, 1, 32, 75, 14, 1, 1, 0.0, 0.0005, 'regression') : 8.82280503388202
(100, 1, 32, 75, 14, 1, 1, 0.2, 0.0005, 'regression') : 8.823679100615106
(200, 1, 8, 75, 14, 1, 1, 0.0, 0.0005, 'regression') : 8.913567696674258
(400, 1, 32, 75, 14, 1, 1, 0.4, 0.005, 'regression') : 8.965176646497401
(400, 1, 8, 75, 14, 1, 1, 0.0, 0.005, 'regression') : 9.035319257978525
(200, 1, 32, 75, 14, 1, 1, 0.0, 0.005, 'regression') : 9.043999126121347
(70, 1, 32, 75, 14, 1, 1, 0.2, 0.005, 'regression') : 9.080022960603937
(70, 1, 32, 75, 14, 1, 1, 0.0, 0.005, 'regression') : 9.397241184414513
(200, 1, 8, 75, 14, 1, 1, 0.2, 0.005, 'regression') : 9.63302611657841
(150, 1, 32, 75, 14, 1, 1, 0.4, 0.005, 'regression') : 9.94605282097476
(150, 1, 32, 75, 14, 1, 1, 0.2, 0.005, 'regression') : 10.058019150285253
(100, 1, 32, 75, 14, 1, 1, 0.2, 0.005, 'regression') : 10.229324996947529
(100, 1, 32, 75, 14, 1, 1, 0.0, 0.005, 'regression') : 10.38531547836609
(200, 1, 32, 75, 14, 1, 1, 0.4, 0.005, 'regression') : 10.419611577568466
(100, 1, 32, 75, 14, 1, 1, 0.4, 0.005, 'regression') : 10.436926656764742
(150, 1, 8, 75, 14, 1, 1, 0.4, 0.005, 'regression') : 10.594255751226264
(200, 1, 8, 75, 14, 1, 1, 0.4, 0.005, 'regression') : 10.643032873594832
(70, 1, 8, 75, 14, 1, 1, 0.4, 0.005, 'regression') : 10.730061404641102
(150, 1, 32, 75, 14, 1, 1, 0.0, 0.005, 'regression') : 10.791188571213073
(150, 1, 8, 75, 14, 1, 1, 0.0, 0.005, 'regression') : 10.836829096431824
(200, 1, 8, 75, 14, 1, 1, 0.0, 0.005, 'regression') : 11.371945730152703
(100, 1, 8, 75, 14, 1, 1, 0.2, 0.005, 'regression') : 11.398789024504305
(400, 1, 8, 75, 14, 1, 1, 0.4, 0.005, 'regression') : 11.511701808794657
(70, 1, 8, 75, 14, 1, 1, 0.0, 0.005, 'regression') : 11.737742969482923
(400, 1, 8, 75, 14, 1, 1, 0.2, 0.005, 'regression') : 11.969793669931267
(150, 1, 8, 75, 14, 1, 1, 0.2, 0.005, 'regression') : 12.284161856768728
(100, 1, 8, 75, 14, 1, 1, 0.4, 0.005, 'regression') : 12.554698618227846
(100, 1, 8, 75, 14, 1, 1, 0.0, 0.005, 'regression') : 13.44549557067763
