Best Hyperparameter:(400, 1, 8, 75, 14, 1, 1, 0.2, 0.0005, 'regression')

All Results:
(400, 1, 8, 75, 14, 1, 1, 0.2, 0.0005, 'regression') : 5.55769906828488
(150, 1, 8, 75, 14, 1, 1, 0.0, 0.001, 'regression') : 5.713586016835327
(150, 1, 32, 75, 14, 1, 1, 0.0, 0.001, 'regression') : 6.030139893428729
(400, 1, 32, 75, 14, 1, 1, 0.0, 0.001, 'regression') : 6.140943802880623
(200, 1, 32, 75, 14, 1, 1, 0.2, 0.001, 'regression') : 6.165198841884752
(100, 1, 32, 75, 14, 1, 1, 0.0, 0.001, 'regression') : 6.215893057251149
(100, 1, 8, 75, 14, 1, 1, 0.4, 0.001, 'regression') : 6.327947784553794
(400, 1, 32, 75, 14, 1, 1, 0.4, 0.001, 'regression') : 6.341669018998173
(150, 1, 8, 75, 14, 1, 1, 0.2, 0.0005, 'regression') : 6.437623630624853
(200, 1, 8, 75, 14, 1, 1, 0.4, 0.0005, 'regression') : 6.466638092451039
(150, 1, 8, 75, 14, 1, 1, 0.4, 0.0005, 'regression') : 6.477891031028749
(400, 1, 32, 75, 14, 1, 1, 0.2, 0.001, 'regression') : 6.509013388949215
(400, 1, 8, 75, 14, 1, 1, 0.4, 0.0005, 'regression') : 6.627839647642553
(70, 1, 8, 75, 14, 1, 1, 0.4, 0.0005, 'regression') : 6.635547221243965
(70, 1, 8, 75, 14, 1, 1, 0.2, 0.0005, 'regression') : 6.659293915842374
(150, 1, 8, 75, 14, 1, 1, 0.2, 0.001, 'regression') : 6.739802159295259
(70, 1, 8, 75, 14, 1, 1, 0.4, 0.001, 'regression') : 6.769475677219899
(70, 1, 32, 75, 14, 1, 1, 0.4, 0.001, 'regression') : 6.798819417664535
(150, 1, 8, 75, 14, 1, 1, 0.0, 0.0005, 'regression') : 6.876592055325799
(150, 1, 32, 75, 14, 1, 1, 0.2, 0.0005, 'regression') : 6.891080674391636
(200, 1, 8, 75, 14, 1, 1, 0.2, 0.0005, 'regression') : 6.912942862399817
(100, 1, 32, 75, 14, 1, 1, 0.2, 0.001, 'regression') : 6.914527363772402
(200, 1, 32, 75, 14, 1, 1, 0.0, 0.001, 'regression') : 6.966014617665624
(400, 1, 8, 75, 14, 1, 1, 0.0, 0.0005, 'regression') : 6.974111284935906
(100, 1, 8, 75, 14, 1, 1, 0.4, 0.0005, 'regression') : 7.001070266692781
(200, 1, 32, 75, 14, 1, 1, 0.4, 0.001, 'regression') : 7.005287509354782
(100, 1, 8, 75, 14, 1, 1, 0.0, 0.001, 'regression') : 7.016239561634862
(70, 1, 32, 75, 14, 1, 1, 0.0, 0.0005, 'regression') : 7.055294715370086
(100, 1, 32, 75, 14, 1, 1, 0.4, 0.001, 'regression') : 7.055584028304564
(100, 1, 8, 75, 14, 1, 1, 0.2, 0.0005, 'regression') : 7.073017258090158
(70, 1, 32, 75, 14, 1, 1, 0.2, 0.0005, 'regression') : 7.088571544591436
(150, 1, 32, 75, 14, 1, 1, 0.2, 0.001, 'regression') : 7.1567344688089465
(200, 1, 8, 75, 14, 1, 1, 0.4, 0.001, 'regression') : 7.20935953698627
(150, 1, 32, 75, 14, 1, 1, 0.4, 0.001, 'regression') : 7.244063587031026
(70, 1, 8, 75, 14, 1, 1, 0.2, 0.001, 'regression') : 7.257304745423625
(200, 1, 8, 75, 14, 1, 1, 0.0, 0.0005, 'regression') : 7.2844327007862
(150, 1, 32, 75, 14, 1, 1, 0.0, 0.0005, 'regression') : 7.314641080960664
(70, 1, 32, 75, 14, 1, 1, 0.2, 0.001, 'regression') : 7.324787711923709
(400, 1, 32, 75, 14, 1, 1, 0.4, 0.0005, 'regression') : 7.372547497374562
(200, 1, 32, 75, 14, 1, 1, 0.2, 0.0005, 'regression') : 7.386816055965215
(100, 1, 32, 75, 14, 1, 1, 0.4, 0.0005, 'regression') : 7.465242479698548
(400, 1, 8, 75, 14, 1, 1, 0.4, 0.001, 'regression') : 7.524687921307819
(100, 1, 32, 75, 14, 1, 1, 0.0, 0.0005, 'regression') : 7.60920832694921
(100, 1, 8, 75, 14, 1, 1, 0.0, 0.0005, 'regression') : 7.652818244513095
(70, 1, 8, 75, 14, 1, 1, 0.0, 0.0005, 'regression') : 7.7178682973855075
(100, 1, 32, 75, 14, 1, 1, 0.2, 0.0005, 'regression') : 7.725333168956688
(400, 1, 32, 75, 14, 1, 1, 0.0, 0.0005, 'regression') : 7.779067297792627
(70, 1, 32, 75, 14, 1, 1, 0.0, 0.001, 'regression') : 7.810157422613085
(400, 1, 8, 75, 14, 1, 1, 0.2, 0.001, 'regression') : 7.847542318094916
(200, 1, 8, 75, 14, 1, 1, 0.0, 0.001, 'regression') : 7.850575653583327
(150, 1, 32, 75, 14, 1, 1, 0.4, 0.0005, 'regression') : 7.918644726825214
(150, 1, 8, 75, 14, 1, 1, 0.4, 0.001, 'regression') : 7.968657153764951
(400, 1, 32, 75, 14, 1, 1, 0.0, 0.005, 'regression') : 7.9915388585310385
(200, 1, 32, 75, 14, 1, 1, 0.4, 0.0005, 'regression') : 8.094488835586455
(400, 1, 8, 75, 14, 1, 1, 0.0, 0.001, 'regression') : 8.132593445998518
(400, 1, 32, 75, 14, 1, 1, 0.2, 0.0005, 'regression') : 8.146102077196643
(70, 1, 32, 75, 14, 1, 1, 0.4, 0.005, 'regression') : 8.196625188407541
(400, 1, 32, 75, 14, 1, 1, 0.4, 0.005, 'regression') : 8.20607721619312
(150, 1, 32, 75, 14, 1, 1, 0.0, 0.005, 'regression') : 8.271486646798271
(70, 1, 8, 75, 14, 1, 1, 0.0, 0.001, 'regression') : 8.287137469423238
(200, 1, 8, 75, 14, 1, 1, 0.2, 0.001, 'regression') : 8.303326680609043
(100, 1, 8, 75, 14, 1, 1, 0.2, 0.001, 'regression') : 8.371673112563524
(70, 1, 32, 75, 14, 1, 1, 0.0, 0.005, 'regression') : 8.488860522931052
(200, 1, 32, 75, 14, 1, 1, 0.0, 0.0005, 'regression') : 8.637685619366852
(70, 1, 32, 75, 14, 1, 1, 0.4, 0.0005, 'regression') : 8.745016742635222
(100, 1, 32, 75, 14, 1, 1, 0.0, 0.005, 'regression') : 8.859264247473382
(100, 1, 32, 75, 14, 1, 1, 0.4, 0.005, 'regression') : 9.021830595628298
(200, 1, 8, 75, 14, 1, 1, 0.4, 0.005, 'regression') : 9.096317332620911
(200, 1, 32, 75, 14, 1, 1, 0.2, 0.005, 'regression') : 9.236058739453398
(70, 1, 8, 75, 14, 1, 1, 0.0, 0.005, 'regression') : 9.405736297523305
(200, 1, 32, 75, 14, 1, 1, 0.4, 0.005, 'regression') : 9.537078122296844
(70, 1, 32, 75, 14, 1, 1, 0.2, 0.005, 'regression') : 9.587790349929413
(100, 1, 8, 75, 14, 1, 1, 0.0, 0.005, 'regression') : 9.656688740456442
(100, 1, 32, 75, 14, 1, 1, 0.2, 0.005, 'regression') : 9.740159769391628
(400, 1, 32, 75, 14, 1, 1, 0.2, 0.005, 'regression') : 9.813437105984868
(150, 1, 32, 75, 14, 1, 1, 0.2, 0.005, 'regression') : 9.844083395802784
(150, 1, 8, 75, 14, 1, 1, 0.4, 0.005, 'regression') : 9.974474260475539
(100, 1, 8, 75, 14, 1, 1, 0.4, 0.005, 'regression') : 10.091568083775886
(150, 1, 32, 75, 14, 1, 1, 0.4, 0.005, 'regression') : 10.440193440374895
(150, 1, 8, 75, 14, 1, 1, 0.0, 0.005, 'regression') : 10.74593226917982
(400, 1, 8, 75, 14, 1, 1, 0.2, 0.005, 'regression') : 11.086012913779895
(200, 1, 8, 75, 14, 1, 1, 0.2, 0.005, 'regression') : 11.2203612122469
(200, 1, 32, 75, 14, 1, 1, 0.0, 0.005, 'regression') : 11.34895473265584
(400, 1, 8, 75, 14, 1, 1, 0.4, 0.005, 'regression') : 11.77660899612431
(200, 1, 8, 75, 14, 1, 1, 0.0, 0.005, 'regression') : 11.845478115347055
(70, 1, 8, 75, 14, 1, 1, 0.4, 0.005, 'regression') : 12.332683766094856
(100, 1, 8, 75, 14, 1, 1, 0.2, 0.005, 'regression') : 12.417333893551755
(70, 1, 8, 75, 14, 1, 1, 0.2, 0.005, 'regression') : 12.643355474403801
(150, 1, 8, 75, 14, 1, 1, 0.2, 0.005, 'regression') : 12.734208187781684
(400, 1, 8, 75, 14, 1, 1, 0.0, 0.005, 'regression') : 12.866220274873791
