Best Hyperparameter:(400, 1, 8, 75, 14, 1, 1, 0.4, 0.005, 'regression')

All Results:
(400, 1, 8, 75, 14, 1, 1, 0.4, 0.005, 'regression') : 27.001338186996236
(70, 1, 32, 75, 14, 1, 1, 0.0, 0.001, 'regression') : 27.355546404237863
(200, 1, 8, 75, 14, 1, 1, 0.2, 0.001, 'regression') : 27.371640656162857
(400, 1, 32, 75, 14, 1, 1, 0.0, 0.005, 'regression') : 27.773582286669203
(150, 1, 32, 75, 14, 1, 1, 0.0, 0.001, 'regression') : 27.797765965634646
(400, 1, 32, 75, 14, 1, 1, 0.2, 0.005, 'regression') : 27.80811060656571
(100, 1, 32, 75, 14, 1, 1, 0.4, 0.005, 'regression') : 27.906880632251966
(400, 1, 8, 75, 14, 1, 1, 0.4, 0.001, 'regression') : 27.978228678824603
(70, 1, 8, 75, 14, 1, 1, 0.4, 0.001, 'regression') : 28.066407967878092
(400, 1, 8, 75, 14, 1, 1, 0.2, 0.0005, 'regression') : 28.0868673294401
(200, 1, 32, 75, 14, 1, 1, 0.4, 0.005, 'regression') : 28.10102927468994
(150, 1, 8, 75, 14, 1, 1, 0.4, 0.001, 'regression') : 28.230307382721197
(70, 1, 32, 75, 14, 1, 1, 0.4, 0.0005, 'regression') : 28.25580431745692
(150, 1, 32, 75, 14, 1, 1, 0.2, 0.001, 'regression') : 28.270500512717
(200, 1, 8, 75, 14, 1, 1, 0.0, 0.0005, 'regression') : 28.28349196158601
(150, 1, 8, 75, 14, 1, 1, 0.0, 0.001, 'regression') : 28.30948103113345
(70, 1, 32, 75, 14, 1, 1, 0.4, 0.001, 'regression') : 28.340138809487605
(100, 1, 32, 75, 14, 1, 1, 0.2, 0.0005, 'regression') : 28.34275045701751
(100, 1, 8, 75, 14, 1, 1, 0.2, 0.001, 'regression') : 28.445124070633348
(70, 1, 8, 75, 14, 1, 1, 0.2, 0.0005, 'regression') : 28.63081066237237
(400, 1, 8, 75, 14, 1, 1, 0.4, 0.0005, 'regression') : 28.63297535486364
(200, 1, 8, 75, 14, 1, 1, 0.4, 0.001, 'regression') : 28.63685311373202
(150, 1, 32, 75, 14, 1, 1, 0.0, 0.005, 'regression') : 28.643685235407133
(150, 1, 8, 75, 14, 1, 1, 0.4, 0.0005, 'regression') : 28.652540717461477
(100, 1, 32, 75, 14, 1, 1, 0.2, 0.001, 'regression') : 28.65803473307447
(70, 1, 8, 75, 14, 1, 1, 0.4, 0.0005, 'regression') : 28.723860636310775
(150, 1, 32, 75, 14, 1, 1, 0.4, 0.005, 'regression') : 28.75410559466448
(200, 1, 32, 75, 14, 1, 1, 0.4, 0.001, 'regression') : 28.77001240879062
(400, 1, 8, 75, 14, 1, 1, 0.0, 0.001, 'regression') : 28.84475274771504
(200, 1, 32, 75, 14, 1, 1, 0.4, 0.0005, 'regression') : 28.90177778317041
(400, 1, 8, 75, 14, 1, 1, 0.0, 0.005, 'regression') : 28.907388206704802
(150, 1, 32, 75, 14, 1, 1, 0.4, 0.001, 'regression') : 28.91334393044462
(400, 1, 32, 75, 14, 1, 1, 0.2, 0.001, 'regression') : 28.917540947860147
(100, 1, 8, 75, 14, 1, 1, 0.4, 0.0005, 'regression') : 28.92438890906174
(100, 1, 8, 75, 14, 1, 1, 0.0, 0.0005, 'regression') : 29.045058527440176
(100, 1, 32, 75, 14, 1, 1, 0.2, 0.005, 'regression') : 29.06430027681987
(70, 1, 32, 75, 14, 1, 1, 0.2, 0.001, 'regression') : 29.136482212693885
(400, 1, 32, 75, 14, 1, 1, 0.2, 0.0005, 'regression') : 29.145028878593358
(150, 1, 8, 75, 14, 1, 1, 0.2, 0.0005, 'regression') : 29.156197233510632
(150, 1, 32, 75, 14, 1, 1, 0.2, 0.005, 'regression') : 29.161416490750618
(100, 1, 32, 75, 14, 1, 1, 0.4, 0.001, 'regression') : 29.164668002080994
(100, 1, 32, 75, 14, 1, 1, 0.0, 0.001, 'regression') : 29.176092202073892
(400, 1, 8, 75, 14, 1, 1, 0.2, 0.001, 'regression') : 29.18781576983944
(100, 1, 8, 75, 14, 1, 1, 0.2, 0.0005, 'regression') : 29.203076920325042
(400, 1, 32, 75, 14, 1, 1, 0.0, 0.0005, 'regression') : 29.220849615175393
(70, 1, 32, 75, 14, 1, 1, 0.4, 0.005, 'regression') : 29.224006682771083
(70, 1, 8, 75, 14, 1, 1, 0.0, 0.0005, 'regression') : 29.25928988111421
(400, 1, 32, 75, 14, 1, 1, 0.0, 0.001, 'regression') : 29.37180800659069
(200, 1, 8, 75, 14, 1, 1, 0.4, 0.0005, 'regression') : 29.375102783142655
(100, 1, 8, 75, 14, 1, 1, 0.4, 0.001, 'regression') : 29.472694642158224
(200, 1, 8, 75, 14, 1, 1, 0.2, 0.0005, 'regression') : 29.476548762967127
(150, 1, 8, 75, 14, 1, 1, 0.0, 0.005, 'regression') : 29.527741378563483
(400, 1, 32, 75, 14, 1, 1, 0.4, 0.005, 'regression') : 29.585551753030963
(100, 1, 8, 75, 14, 1, 1, 0.4, 0.005, 'regression') : 29.760277429229937
(100, 1, 8, 75, 14, 1, 1, 0.0, 0.001, 'regression') : 29.884367634677822
(200, 1, 32, 75, 14, 1, 1, 0.0, 0.001, 'regression') : 29.957034391235247
(70, 1, 32, 75, 14, 1, 1, 0.2, 0.0005, 'regression') : 29.95800307072765
(200, 1, 32, 75, 14, 1, 1, 0.2, 0.001, 'regression') : 29.96930871911595
(150, 1, 32, 75, 14, 1, 1, 0.0, 0.0005, 'regression') : 30.070024974021077
(150, 1, 8, 75, 14, 1, 1, 0.0, 0.0005, 'regression') : 30.0975549032511
(70, 1, 32, 75, 14, 1, 1, 0.0, 0.005, 'regression') : 30.29663499356048
(200, 1, 8, 75, 14, 1, 1, 0.0, 0.001, 'regression') : 30.302989538169005
(70, 1, 8, 75, 14, 1, 1, 0.2, 0.005, 'regression') : 30.31109919413067
(200, 1, 32, 75, 14, 1, 1, 0.2, 0.005, 'regression') : 30.363758154346215
(100, 1, 32, 75, 14, 1, 1, 0.0, 0.0005, 'regression') : 30.42562574851226
(200, 1, 32, 75, 14, 1, 1, 0.2, 0.0005, 'regression') : 30.54926269696791
(150, 1, 32, 75, 14, 1, 1, 0.2, 0.0005, 'regression') : 30.590452724331232
(100, 1, 32, 75, 14, 1, 1, 0.4, 0.0005, 'regression') : 30.647079719599795
(400, 1, 8, 75, 14, 1, 1, 0.2, 0.005, 'regression') : 30.687971270229962
(70, 1, 32, 75, 14, 1, 1, 0.0, 0.0005, 'regression') : 30.739257067741505
(70, 1, 8, 75, 14, 1, 1, 0.0, 0.001, 'regression') : 30.755456716667606
(400, 1, 32, 75, 14, 1, 1, 0.4, 0.0005, 'regression') : 30.77585151464753
(150, 1, 32, 75, 14, 1, 1, 0.4, 0.0005, 'regression') : 30.79423263872144
(200, 1, 8, 75, 14, 1, 1, 0.0, 0.005, 'regression') : 30.884145039757414
(400, 1, 8, 75, 14, 1, 1, 0.0, 0.0005, 'regression') : 30.885020294069584
(400, 1, 32, 75, 14, 1, 1, 0.4, 0.001, 'regression') : 30.886827881057297
(200, 1, 8, 75, 14, 1, 1, 0.2, 0.005, 'regression') : 31.12942059454163
(100, 1, 8, 75, 14, 1, 1, 0.2, 0.005, 'regression') : 31.3143216644964
(100, 1, 8, 75, 14, 1, 1, 0.0, 0.005, 'regression') : 31.41158866735387
(150, 1, 8, 75, 14, 1, 1, 0.4, 0.005, 'regression') : 31.756575557878982
(200, 1, 32, 75, 14, 1, 1, 0.0, 0.005, 'regression') : 31.933691235677333
(70, 1, 8, 75, 14, 1, 1, 0.0, 0.005, 'regression') : 32.01261751301011
(70, 1, 8, 75, 14, 1, 1, 0.2, 0.001, 'regression') : 32.10833729599604
(200, 1, 32, 75, 14, 1, 1, 0.0, 0.0005, 'regression') : 32.212456954654236
(200, 1, 8, 75, 14, 1, 1, 0.4, 0.005, 'regression') : 32.22473157804813
(70, 1, 8, 75, 14, 1, 1, 0.4, 0.005, 'regression') : 32.24062722603475
(150, 1, 8, 75, 14, 1, 1, 0.2, 0.001, 'regression') : 32.5450442681165
(150, 1, 8, 75, 14, 1, 1, 0.2, 0.005, 'regression') : 32.97713088429265
(100, 1, 32, 75, 14, 1, 1, 0.0, 0.005, 'regression') : 33.75256925642326
(70, 1, 32, 75, 14, 1, 1, 0.2, 0.005, 'regression') : 33.876641490250705
