Best Hyperparameter:(400, 1, 8, 75, 14, 1, 1, 0.4, 0.0005, 'regression')

All Results:
(400, 1, 8, 75, 14, 1, 1, 0.4, 0.0005, 'regression') : 17.49863235748794
(70, 1, 32, 75, 14, 1, 1, 0.2, 0.001, 'regression') : 17.617741448027992
(200, 1, 8, 75, 14, 1, 1, 0.4, 0.0005, 'regression') : 17.85257764949321
(400, 1, 32, 75, 14, 1, 1, 0.0, 0.001, 'regression') : 17.910545262370864
(200, 1, 8, 75, 14, 1, 1, 0.0, 0.001, 'regression') : 17.930953624582706
(100, 1, 32, 75, 14, 1, 1, 0.2, 0.001, 'regression') : 18.057084443795418
(150, 1, 32, 75, 14, 1, 1, 0.2, 0.001, 'regression') : 18.176018789682836
(200, 1, 8, 75, 14, 1, 1, 0.0, 0.0005, 'regression') : 18.179628510712934
(400, 1, 32, 75, 14, 1, 1, 0.4, 0.001, 'regression') : 18.344283712271828
(70, 1, 32, 75, 14, 1, 1, 0.4, 0.001, 'regression') : 18.359178292914073
(150, 1, 8, 75, 14, 1, 1, 0.0, 0.001, 'regression') : 18.399760664000457
(70, 1, 8, 75, 14, 1, 1, 0.0, 0.001, 'regression') : 18.510150337669593
(70, 1, 32, 75, 14, 1, 1, 0.0, 0.001, 'regression') : 18.515022536268898
(70, 1, 32, 75, 14, 1, 1, 0.0, 0.005, 'regression') : 18.519950376152874
(200, 1, 8, 75, 14, 1, 1, 0.2, 0.001, 'regression') : 18.52573851884343
(150, 1, 8, 75, 14, 1, 1, 0.0, 0.0005, 'regression') : 18.564959590491746
(400, 1, 32, 75, 14, 1, 1, 0.2, 0.001, 'regression') : 18.587789550521414
(100, 1, 32, 75, 14, 1, 1, 0.0, 0.0005, 'regression') : 18.605309011416374
(200, 1, 8, 75, 14, 1, 1, 0.4, 0.001, 'regression') : 18.65295489544219
(200, 1, 8, 75, 14, 1, 1, 0.2, 0.0005, 'regression') : 18.747801772066946
(100, 1, 8, 75, 14, 1, 1, 0.4, 0.001, 'regression') : 18.794055128617043
(100, 1, 8, 75, 14, 1, 1, 0.0, 0.0005, 'regression') : 18.80227174107758
(70, 1, 8, 75, 14, 1, 1, 0.4, 0.0005, 'regression') : 18.812512328353357
(70, 1, 8, 75, 14, 1, 1, 0.4, 0.001, 'regression') : 18.83845900935791
(100, 1, 32, 75, 14, 1, 1, 0.2, 0.0005, 'regression') : 18.842212814043425
(400, 1, 32, 75, 14, 1, 1, 0.4, 0.0005, 'regression') : 18.846503853664693
(400, 1, 32, 75, 14, 1, 1, 0.0, 0.005, 'regression') : 18.849679830363065
(400, 1, 32, 75, 14, 1, 1, 0.0, 0.0005, 'regression') : 18.864313440374
(400, 1, 8, 75, 14, 1, 1, 0.0, 0.0005, 'regression') : 18.872437555324318
(150, 1, 8, 75, 14, 1, 1, 0.4, 0.001, 'regression') : 18.872677923374233
(400, 1, 8, 75, 14, 1, 1, 0.0, 0.001, 'regression') : 18.88607562121178
(70, 1, 32, 75, 14, 1, 1, 0.2, 0.0005, 'regression') : 18.902770725139217
(100, 1, 32, 75, 14, 1, 1, 0.2, 0.005, 'regression') : 18.952792178916113
(70, 1, 32, 75, 14, 1, 1, 0.0, 0.0005, 'regression') : 18.953066330502125
(200, 1, 32, 75, 14, 1, 1, 0.2, 0.0005, 'regression') : 18.954702510631638
(150, 1, 32, 75, 14, 1, 1, 0.0, 0.001, 'regression') : 19.01705331731616
(200, 1, 32, 75, 14, 1, 1, 0.0, 0.0005, 'regression') : 19.030185034238922
(400, 1, 8, 75, 14, 1, 1, 0.4, 0.001, 'regression') : 19.059696834896638
(150, 1, 8, 75, 14, 1, 1, 0.2, 0.001, 'regression') : 19.07884557492804
(400, 1, 8, 75, 14, 1, 1, 0.2, 0.0005, 'regression') : 19.114262660736955
(100, 1, 32, 75, 14, 1, 1, 0.4, 0.001, 'regression') : 19.143966188568285
(100, 1, 32, 75, 14, 1, 1, 0.0, 0.005, 'regression') : 19.18664582821072
(100, 1, 8, 75, 14, 1, 1, 0.2, 0.0005, 'regression') : 19.215397878447128
(400, 1, 32, 75, 14, 1, 1, 0.4, 0.005, 'regression') : 19.285133957162053
(400, 1, 8, 75, 14, 1, 1, 0.2, 0.001, 'regression') : 19.37814681404519
(150, 1, 32, 75, 14, 1, 1, 0.2, 0.0005, 'regression') : 19.425416650571094
(100, 1, 32, 75, 14, 1, 1, 0.4, 0.0005, 'regression') : 19.43614963712013
(150, 1, 8, 75, 14, 1, 1, 0.2, 0.0005, 'regression') : 19.439808493720047
(200, 1, 32, 75, 14, 1, 1, 0.2, 0.005, 'regression') : 19.52029508290594
(150, 1, 32, 75, 14, 1, 1, 0.4, 0.0005, 'regression') : 19.525927233585865
(70, 1, 8, 75, 14, 1, 1, 0.2, 0.001, 'regression') : 19.584957964195276
(200, 1, 32, 75, 14, 1, 1, 0.4, 0.001, 'regression') : 19.596429642740436
(200, 1, 32, 75, 14, 1, 1, 0.4, 0.0005, 'regression') : 19.659448207301555
(70, 1, 32, 75, 14, 1, 1, 0.4, 0.005, 'regression') : 19.750489631875023
(100, 1, 8, 75, 14, 1, 1, 0.2, 0.001, 'regression') : 19.766390149487897
(150, 1, 8, 75, 14, 1, 1, 0.4, 0.0005, 'regression') : 19.795228347741777
(200, 1, 32, 75, 14, 1, 1, 0.0, 0.005, 'regression') : 19.814134294224793
(200, 1, 32, 75, 14, 1, 1, 0.2, 0.001, 'regression') : 19.823440968023707
(200, 1, 32, 75, 14, 1, 1, 0.0, 0.001, 'regression') : 19.914381381544562
(70, 1, 8, 75, 14, 1, 1, 0.2, 0.0005, 'regression') : 20.03995880487896
(100, 1, 32, 75, 14, 1, 1, 0.0, 0.001, 'regression') : 20.055026643978945
(70, 1, 32, 75, 14, 1, 1, 0.4, 0.0005, 'regression') : 20.13763853752794
(100, 1, 32, 75, 14, 1, 1, 0.4, 0.005, 'regression') : 20.25485914219454
(400, 1, 32, 75, 14, 1, 1, 0.2, 0.0005, 'regression') : 20.314909695524655
(150, 1, 32, 75, 14, 1, 1, 0.2, 0.005, 'regression') : 20.415444758384037
(70, 1, 8, 75, 14, 1, 1, 0.0, 0.0005, 'regression') : 20.42903972768396
(150, 1, 32, 75, 14, 1, 1, 0.0, 0.0005, 'regression') : 20.459716954045472
(100, 1, 8, 75, 14, 1, 1, 0.0, 0.001, 'regression') : 20.550833266148636
(150, 1, 32, 75, 14, 1, 1, 0.4, 0.001, 'regression') : 20.692832442289692
(200, 1, 32, 75, 14, 1, 1, 0.4, 0.005, 'regression') : 20.753950609509666
(100, 1, 8, 75, 14, 1, 1, 0.4, 0.0005, 'regression') : 20.7736416790411
(400, 1, 8, 75, 14, 1, 1, 0.4, 0.005, 'regression') : 20.82222806573393
(150, 1, 8, 75, 14, 1, 1, 0.4, 0.005, 'regression') : 20.90220175270892
(400, 1, 32, 75, 14, 1, 1, 0.2, 0.005, 'regression') : 21.0471012784611
(150, 1, 32, 75, 14, 1, 1, 0.0, 0.005, 'regression') : 21.317539558040004
(100, 1, 8, 75, 14, 1, 1, 0.4, 0.005, 'regression') : 21.34730401750907
(400, 1, 8, 75, 14, 1, 1, 0.2, 0.005, 'regression') : 21.49912111508907
(150, 1, 32, 75, 14, 1, 1, 0.4, 0.005, 'regression') : 21.886577344637427
(70, 1, 32, 75, 14, 1, 1, 0.2, 0.005, 'regression') : 22.013640114387762
(100, 1, 8, 75, 14, 1, 1, 0.2, 0.005, 'regression') : 22.089705069362246
(70, 1, 8, 75, 14, 1, 1, 0.0, 0.005, 'regression') : 22.291668916363378
(70, 1, 8, 75, 14, 1, 1, 0.2, 0.005, 'regression') : 22.81385347327313
(200, 1, 8, 75, 14, 1, 1, 0.4, 0.005, 'regression') : 23.319826345437143
(70, 1, 8, 75, 14, 1, 1, 0.4, 0.005, 'regression') : 23.7292737382151
(200, 1, 8, 75, 14, 1, 1, 0.2, 0.005, 'regression') : 23.897319154852955
(150, 1, 8, 75, 14, 1, 1, 0.2, 0.005, 'regression') : 23.967173098783046
(200, 1, 8, 75, 14, 1, 1, 0.0, 0.005, 'regression') : 24.30407052233111
(150, 1, 8, 75, 14, 1, 1, 0.0, 0.005, 'regression') : 25.215388583738548
(100, 1, 8, 75, 14, 1, 1, 0.0, 0.005, 'regression') : 25.722039647729996
(400, 1, 8, 75, 14, 1, 1, 0.0, 0.005, 'regression') : 26.230946512727353
