Best Hyperparameter:(150, 1, 8, 75, 14, 1, 1, 0.2, 0.0005, 'regression')

All Results:
(150, 1, 8, 75, 14, 1, 1, 0.2, 0.0005, 'regression') : 18.8345197889097
(100, 1, 8, 75, 14, 1, 1, 0.0, 0.0005, 'regression') : 18.87153696411814
(200, 1, 8, 75, 14, 1, 1, 0.0, 0.0005, 'regression') : 18.939098209805614
(100, 1, 8, 75, 14, 1, 1, 0.2, 0.0005, 'regression') : 19.11995649615995
(100, 1, 32, 75, 14, 1, 1, 0.0, 0.001, 'regression') : 19.264654933121754
(150, 1, 32, 75, 14, 1, 1, 0.2, 0.005, 'regression') : 19.311473969023005
(200, 1, 32, 75, 14, 1, 1, 0.0, 0.001, 'regression') : 19.34819500232988
(200, 1, 32, 75, 14, 1, 1, 0.4, 0.001, 'regression') : 19.519704793484074
(150, 1, 8, 75, 14, 1, 1, 0.0, 0.001, 'regression') : 19.554982934944277
(200, 1, 8, 75, 14, 1, 1, 0.0, 0.001, 'regression') : 19.561479966068617
(150, 1, 8, 75, 14, 1, 1, 0.4, 0.0005, 'regression') : 19.56533967942517
(70, 1, 8, 75, 14, 1, 1, 0.2, 0.0005, 'regression') : 19.56729643980251
(70, 1, 32, 75, 14, 1, 1, 0.2, 0.005, 'regression') : 19.582278315665825
(100, 1, 32, 75, 14, 1, 1, 0.4, 0.0005, 'regression') : 19.59487134955792
(400, 1, 8, 75, 14, 1, 1, 0.4, 0.0005, 'regression') : 19.634727421597848
(70, 1, 8, 75, 14, 1, 1, 0.4, 0.0005, 'regression') : 19.686022669524938
(200, 1, 8, 75, 14, 1, 1, 0.2, 0.0005, 'regression') : 19.695516632482942
(400, 1, 32, 75, 14, 1, 1, 0.4, 0.001, 'regression') : 19.730522517578606
(70, 1, 8, 75, 14, 1, 1, 0.0, 0.0005, 'regression') : 19.735065315668713
(400, 1, 8, 75, 14, 1, 1, 0.0, 0.0005, 'regression') : 19.73830774052732
(400, 1, 8, 75, 14, 1, 1, 0.4, 0.001, 'regression') : 19.762783313405443
(200, 1, 32, 75, 14, 1, 1, 0.2, 0.001, 'regression') : 19.889234565266314
(100, 1, 8, 75, 14, 1, 1, 0.0, 0.001, 'regression') : 19.913356222082484
(400, 1, 32, 75, 14, 1, 1, 0.0, 0.0005, 'regression') : 19.941137776928752
(400, 1, 8, 75, 14, 1, 1, 0.2, 0.001, 'regression') : 19.941715317151058
(70, 1, 32, 75, 14, 1, 1, 0.2, 0.0005, 'regression') : 19.98862942012462
(70, 1, 8, 75, 14, 1, 1, 0.4, 0.001, 'regression') : 20.00909862323137
(150, 1, 32, 75, 14, 1, 1, 0.2, 0.0005, 'regression') : 20.0640435097217
(400, 1, 32, 75, 14, 1, 1, 0.2, 0.001, 'regression') : 20.07909005046069
(70, 1, 8, 75, 14, 1, 1, 0.2, 0.001, 'regression') : 20.096880212327818
(70, 1, 32, 75, 14, 1, 1, 0.4, 0.001, 'regression') : 20.11555234479631
(100, 1, 8, 75, 14, 1, 1, 0.4, 0.0005, 'regression') : 20.16230050462709
(100, 1, 32, 75, 14, 1, 1, 0.2, 0.0005, 'regression') : 20.184234630105223
(200, 1, 32, 75, 14, 1, 1, 0.2, 0.005, 'regression') : 20.242168237637635
(150, 1, 32, 75, 14, 1, 1, 0.2, 0.001, 'regression') : 20.405424693184745
(150, 1, 32, 75, 14, 1, 1, 0.0, 0.001, 'regression') : 20.4358464642194
(150, 1, 32, 75, 14, 1, 1, 0.4, 0.001, 'regression') : 20.43840269068696
(70, 1, 32, 75, 14, 1, 1, 0.2, 0.001, 'regression') : 20.46843225452642
(70, 1, 32, 75, 14, 1, 1, 0.4, 0.005, 'regression') : 20.541525983739255
(200, 1, 32, 75, 14, 1, 1, 0.0, 0.0005, 'regression') : 20.542739086797223
(200, 1, 32, 75, 14, 1, 1, 0.4, 0.0005, 'regression') : 20.56629259202197
(150, 1, 32, 75, 14, 1, 1, 0.0, 0.0005, 'regression') : 20.577962206743642
(70, 1, 32, 75, 14, 1, 1, 0.0, 0.001, 'regression') : 20.668722475186957
(100, 1, 32, 75, 14, 1, 1, 0.4, 0.001, 'regression') : 20.709697069628767
(100, 1, 32, 75, 14, 1, 1, 0.0, 0.0005, 'regression') : 20.722975205144202
(400, 1, 32, 75, 14, 1, 1, 0.4, 0.005, 'regression') : 20.72562049635116
(100, 1, 32, 75, 14, 1, 1, 0.2, 0.005, 'regression') : 20.730330285950878
(70, 1, 32, 75, 14, 1, 1, 0.0, 0.0005, 'regression') : 20.75544070789465
(150, 1, 32, 75, 14, 1, 1, 0.4, 0.0005, 'regression') : 20.775178563077837
(200, 1, 32, 75, 14, 1, 1, 0.0, 0.005, 'regression') : 20.77816096144526
(100, 1, 8, 75, 14, 1, 1, 0.4, 0.001, 'regression') : 20.833231011991355
(200, 1, 32, 75, 14, 1, 1, 0.2, 0.0005, 'regression') : 20.840068908990514
(70, 1, 32, 75, 14, 1, 1, 0.4, 0.0005, 'regression') : 20.849820541640227
(150, 1, 8, 75, 14, 1, 1, 0.0, 0.0005, 'regression') : 20.850898786254994
(400, 1, 8, 75, 14, 1, 1, 0.0, 0.001, 'regression') : 20.8936234890656
(100, 1, 8, 75, 14, 1, 1, 0.2, 0.001, 'regression') : 20.914630326421367
(400, 1, 32, 75, 14, 1, 1, 0.0, 0.001, 'regression') : 20.926014535510916
(100, 1, 32, 75, 14, 1, 1, 0.2, 0.001, 'regression') : 20.95447118144825
(400, 1, 32, 75, 14, 1, 1, 0.2, 0.005, 'regression') : 20.987352665009503
(150, 1, 8, 75, 14, 1, 1, 0.4, 0.001, 'regression') : 21.035361343865656
(200, 1, 8, 75, 14, 1, 1, 0.4, 0.001, 'regression') : 21.06940031643303
(70, 1, 32, 75, 14, 1, 1, 0.0, 0.005, 'regression') : 21.069983658451715
(150, 1, 8, 75, 14, 1, 1, 0.2, 0.001, 'regression') : 21.12141270030646
(400, 1, 32, 75, 14, 1, 1, 0.4, 0.0005, 'regression') : 21.176289841784133
(70, 1, 8, 75, 14, 1, 1, 0.0, 0.001, 'regression') : 21.206860293554563
(200, 1, 32, 75, 14, 1, 1, 0.4, 0.005, 'regression') : 21.367657792667067
(100, 1, 32, 75, 14, 1, 1, 0.0, 0.005, 'regression') : 21.39152812822685
(200, 1, 8, 75, 14, 1, 1, 0.2, 0.001, 'regression') : 21.393147419448894
(200, 1, 8, 75, 14, 1, 1, 0.4, 0.0005, 'regression') : 21.44714537733852
(400, 1, 32, 75, 14, 1, 1, 0.0, 0.005, 'regression') : 21.46646931748486
(100, 1, 32, 75, 14, 1, 1, 0.4, 0.005, 'regression') : 21.46758961802552
(400, 1, 32, 75, 14, 1, 1, 0.2, 0.0005, 'regression') : 21.48140216413942
(400, 1, 8, 75, 14, 1, 1, 0.2, 0.0005, 'regression') : 22.062161324425805
(150, 1, 32, 75, 14, 1, 1, 0.0, 0.005, 'regression') : 22.174535074653118
(150, 1, 32, 75, 14, 1, 1, 0.4, 0.005, 'regression') : 22.26453701181344
(400, 1, 8, 75, 14, 1, 1, 0.4, 0.005, 'regression') : 22.486037696783516
(100, 1, 8, 75, 14, 1, 1, 0.0, 0.005, 'regression') : 22.684112604716542
(150, 1, 8, 75, 14, 1, 1, 0.4, 0.005, 'regression') : 22.71133197073384
(200, 1, 8, 75, 14, 1, 1, 0.4, 0.005, 'regression') : 22.715035357344732
(100, 1, 8, 75, 14, 1, 1, 0.4, 0.005, 'regression') : 23.40562905681581
(200, 1, 8, 75, 14, 1, 1, 0.0, 0.005, 'regression') : 23.46778237946999
(400, 1, 8, 75, 14, 1, 1, 0.0, 0.005, 'regression') : 23.909655110355484
(100, 1, 8, 75, 14, 1, 1, 0.2, 0.005, 'regression') : 23.9217360098717
(70, 1, 8, 75, 14, 1, 1, 0.0, 0.005, 'regression') : 23.97674629782295
(400, 1, 8, 75, 14, 1, 1, 0.2, 0.005, 'regression') : 24.071507356054475
(150, 1, 8, 75, 14, 1, 1, 0.0, 0.005, 'regression') : 24.510364416425737
(200, 1, 8, 75, 14, 1, 1, 0.2, 0.005, 'regression') : 25.074114862594666
(150, 1, 8, 75, 14, 1, 1, 0.2, 0.005, 'regression') : 25.229559716126168
(70, 1, 8, 75, 14, 1, 1, 0.4, 0.005, 'regression') : 25.290317737263585
(70, 1, 8, 75, 14, 1, 1, 0.2, 0.005, 'regression') : 27.493950360639964
