Best Hyperparameter:(150, 1, 8, 75, 14, 1, 1, 0.0, 0.0005, 'regression')

All Results:
(150, 1, 8, 75, 14, 1, 1, 0.0, 0.0005, 'regression') : 18.312946915113965
(70, 1, 8, 75, 14, 1, 1, 0.4, 0.001, 'regression') : 18.470324954648653
(200, 1, 8, 75, 14, 1, 1, 0.2, 0.0005, 'regression') : 18.666480617690336
(150, 1, 8, 75, 14, 1, 1, 0.2, 0.001, 'regression') : 18.958262146303547
(400, 1, 8, 75, 14, 1, 1, 0.2, 0.0005, 'regression') : 18.98181126343716
(400, 1, 32, 75, 14, 1, 1, 0.4, 0.001, 'regression') : 19.010443782158116
(400, 1, 32, 75, 14, 1, 1, 0.0, 0.005, 'regression') : 19.032653253243044
(400, 1, 32, 75, 14, 1, 1, 0.2, 0.005, 'regression') : 19.08116154587592
(100, 1, 32, 75, 14, 1, 1, 0.4, 0.001, 'regression') : 19.158790179508266
(70, 1, 32, 75, 14, 1, 1, 0.2, 0.0005, 'regression') : 19.166841299739602
(150, 1, 32, 75, 14, 1, 1, 0.4, 0.001, 'regression') : 19.184365134537657
(400, 1, 32, 75, 14, 1, 1, 0.2, 0.0005, 'regression') : 19.23046508645325
(200, 1, 32, 75, 14, 1, 1, 0.4, 0.001, 'regression') : 19.298373977813583
(150, 1, 32, 75, 14, 1, 1, 0.0, 0.001, 'regression') : 19.342242749548667
(200, 1, 32, 75, 14, 1, 1, 0.2, 0.001, 'regression') : 19.346595053046045
(70, 1, 8, 75, 14, 1, 1, 0.0, 0.001, 'regression') : 19.432136189004417
(400, 1, 32, 75, 14, 1, 1, 0.2, 0.001, 'regression') : 19.44018395624771
(200, 1, 32, 75, 14, 1, 1, 0.0, 0.001, 'regression') : 19.54818126451986
(400, 1, 8, 75, 14, 1, 1, 0.2, 0.001, 'regression') : 19.626065509521716
(70, 1, 32, 75, 14, 1, 1, 0.0, 0.005, 'regression') : 19.65433392900463
(70, 1, 32, 75, 14, 1, 1, 0.4, 0.001, 'regression') : 19.714230310419044
(100, 1, 32, 75, 14, 1, 1, 0.2, 0.001, 'regression') : 19.729771668415246
(70, 1, 32, 75, 14, 1, 1, 0.0, 0.001, 'regression') : 19.73433452814933
(100, 1, 32, 75, 14, 1, 1, 0.2, 0.0005, 'regression') : 19.74799675375582
(400, 1, 32, 75, 14, 1, 1, 0.0, 0.001, 'regression') : 19.75074820958386
(70, 1, 8, 75, 14, 1, 1, 0.2, 0.0005, 'regression') : 19.761767522046433
(400, 1, 8, 75, 14, 1, 1, 0.0, 0.001, 'regression') : 19.774989396426818
(200, 1, 8, 75, 14, 1, 1, 0.2, 0.001, 'regression') : 19.83676023316025
(150, 1, 32, 75, 14, 1, 1, 0.2, 0.0005, 'regression') : 19.839626030802062
(400, 1, 32, 75, 14, 1, 1, 0.0, 0.0005, 'regression') : 19.906726648020005
(100, 1, 32, 75, 14, 1, 1, 0.4, 0.0005, 'regression') : 19.92206976414002
(150, 1, 8, 75, 14, 1, 1, 0.0, 0.001, 'regression') : 19.949337854996077
(100, 1, 32, 75, 14, 1, 1, 0.0, 0.001, 'regression') : 19.998017647218965
(200, 1, 32, 75, 14, 1, 1, 0.0, 0.0005, 'regression') : 20.038960736177224
(150, 1, 32, 75, 14, 1, 1, 0.0, 0.0005, 'regression') : 20.055564834409598
(400, 1, 8, 75, 14, 1, 1, 0.4, 0.0005, 'regression') : 20.088294150251933
(150, 1, 32, 75, 14, 1, 1, 0.4, 0.0005, 'regression') : 20.098774718166613
(70, 1, 32, 75, 14, 1, 1, 0.4, 0.0005, 'regression') : 20.114509460429467
(150, 1, 32, 75, 14, 1, 1, 0.0, 0.005, 'regression') : 20.157367502018793
(400, 1, 32, 75, 14, 1, 1, 0.4, 0.0005, 'regression') : 20.173616276487348
(150, 1, 32, 75, 14, 1, 1, 0.2, 0.005, 'regression') : 20.19254892980396
(200, 1, 32, 75, 14, 1, 1, 0.4, 0.0005, 'regression') : 20.237047700325
(100, 1, 8, 75, 14, 1, 1, 0.2, 0.0005, 'regression') : 20.23807882894488
(100, 1, 8, 75, 14, 1, 1, 0.0, 0.001, 'regression') : 20.238471813521933
(100, 1, 32, 75, 14, 1, 1, 0.0, 0.005, 'regression') : 20.26706715823683
(150, 1, 8, 75, 14, 1, 1, 0.2, 0.0005, 'regression') : 20.268830728297075
(100, 1, 32, 75, 14, 1, 1, 0.4, 0.005, 'regression') : 20.410550222200413
(70, 1, 32, 75, 14, 1, 1, 0.0, 0.0005, 'regression') : 20.44421757359398
(100, 1, 8, 75, 14, 1, 1, 0.0, 0.0005, 'regression') : 20.662519511930576
(70, 1, 32, 75, 14, 1, 1, 0.2, 0.005, 'regression') : 20.686066594395065
(150, 1, 8, 75, 14, 1, 1, 0.4, 0.001, 'regression') : 20.848893771386
(100, 1, 8, 75, 14, 1, 1, 0.4, 0.001, 'regression') : 20.857015003143523
(200, 1, 32, 75, 14, 1, 1, 0.2, 0.0005, 'regression') : 20.86828855082885
(100, 1, 32, 75, 14, 1, 1, 0.0, 0.0005, 'regression') : 20.910043312924344
(200, 1, 32, 75, 14, 1, 1, 0.2, 0.005, 'regression') : 20.917916492579256
(70, 1, 8, 75, 14, 1, 1, 0.2, 0.001, 'regression') : 20.931306350025366
(70, 1, 32, 75, 14, 1, 1, 0.4, 0.005, 'regression') : 20.95288095250539
(70, 1, 32, 75, 14, 1, 1, 0.2, 0.001, 'regression') : 21.024315718896066
(200, 1, 8, 75, 14, 1, 1, 0.4, 0.001, 'regression') : 21.079326608634908
(150, 1, 32, 75, 14, 1, 1, 0.4, 0.005, 'regression') : 21.123563070468045
(150, 1, 8, 75, 14, 1, 1, 0.4, 0.0005, 'regression') : 21.133190871880785
(200, 1, 8, 75, 14, 1, 1, 0.0, 0.0005, 'regression') : 21.15254575092913
(200, 1, 8, 75, 14, 1, 1, 0.4, 0.0005, 'regression') : 21.281753152731433
(400, 1, 32, 75, 14, 1, 1, 0.4, 0.005, 'regression') : 21.335126958428056
(100, 1, 8, 75, 14, 1, 1, 0.4, 0.0005, 'regression') : 21.33785814650437
(70, 1, 8, 75, 14, 1, 1, 0.0, 0.0005, 'regression') : 21.38500507590212
(100, 1, 8, 75, 14, 1, 1, 0.2, 0.005, 'regression') : 21.49610366004702
(100, 1, 32, 75, 14, 1, 1, 0.2, 0.005, 'regression') : 21.521153111801276
(200, 1, 32, 75, 14, 1, 1, 0.4, 0.005, 'regression') : 21.588691576254753
(100, 1, 8, 75, 14, 1, 1, 0.2, 0.001, 'regression') : 21.64157199446018
(70, 1, 8, 75, 14, 1, 1, 0.0, 0.005, 'regression') : 21.657033758487835
(400, 1, 8, 75, 14, 1, 1, 0.0, 0.0005, 'regression') : 21.744563021573846
(70, 1, 8, 75, 14, 1, 1, 0.4, 0.0005, 'regression') : 21.77430570866749
(200, 1, 8, 75, 14, 1, 1, 0.0, 0.001, 'regression') : 21.930624201218656
(150, 1, 32, 75, 14, 1, 1, 0.2, 0.001, 'regression') : 21.97674010092612
(400, 1, 8, 75, 14, 1, 1, 0.4, 0.005, 'regression') : 22.200016212470384
(400, 1, 8, 75, 14, 1, 1, 0.4, 0.001, 'regression') : 22.278670945753
(200, 1, 32, 75, 14, 1, 1, 0.0, 0.005, 'regression') : 22.538428690040238
(70, 1, 8, 75, 14, 1, 1, 0.4, 0.005, 'regression') : 22.710861689866608
(100, 1, 8, 75, 14, 1, 1, 0.4, 0.005, 'regression') : 22.86623996633984
(100, 1, 8, 75, 14, 1, 1, 0.0, 0.005, 'regression') : 23.867600769553587
(400, 1, 8, 75, 14, 1, 1, 0.0, 0.005, 'regression') : 23.921030779751202
(400, 1, 8, 75, 14, 1, 1, 0.2, 0.005, 'regression') : 24.05202235801995
(200, 1, 8, 75, 14, 1, 1, 0.0, 0.005, 'regression') : 24.120512264180967
(200, 1, 8, 75, 14, 1, 1, 0.4, 0.005, 'regression') : 24.329528126931372
(70, 1, 8, 75, 14, 1, 1, 0.2, 0.005, 'regression') : 24.51867895214739
(150, 1, 8, 75, 14, 1, 1, 0.4, 0.005, 'regression') : 24.593849526351903
(200, 1, 8, 75, 14, 1, 1, 0.2, 0.005, 'regression') : 25.11096637755919
(150, 1, 8, 75, 14, 1, 1, 0.0, 0.005, 'regression') : 25.91633199888965
(150, 1, 8, 75, 14, 1, 1, 0.2, 0.005, 'regression') : 27.521626973902375
